0
0
0
0
0
0
0
0
0
0
0
0
0
0
0
0
0
0
0
0
0
0
0
0
0
0
0
0
0
0
0
0
0
0
0
0
0
0
0
0
0
0
0
0
0
0
0
0
0
0
0
0
0
0
0
0
0
0
0
0
0
0
0
0
0
0
0
0
0
0
0
0
0
0
0
0
0
0
0
0
0
0
0
0
0
0
0
0
0
0
0
0
0
0
0
0
0
0
0
0.000268566
248.942
26.3673
132.827
9.26E-06
1.26E-05
1.55E-05
3.11E-05
2.12E-05
0.153416
47.9178
3.07E-05
4.47E-05
3.90E-05
0.00031695
5.54E-05
0.000857902
9.41E-05
0.368447
7.60E-05
0.000125056
0.000249093
0.000432889
0.000273043
0.000210721
0.0004886
0.000708164
0.000369835
0.00118069
0.000619392
0.00785131
0.000506752
0.00095883
0.00134992
0.00211458
0.00284622
0.0175003
0.0024446
0.00414306
0.00406067
0.00913169
0.00403358
0.011388
0.0118823
0.0261079
0.0233703
0.0167614
0.0193912
84.8472
0.0719181
0.0380166
0.0810612
0.0980264
0.0949417
0.0686221
1.72133
0.251984
0.271149
0.146959
0.315104
0.561192
0.390356
0.57704
0.52542
0.525988
0.626855
0.76539
1.15513
1.44276
1.15438
2.5849
1.4342
2.61505
57.06
111.267
4.84257
3.66095
5.76275
3.90665
4.23151
4.19001
6.56369
7.01034
16.2185
7.82381
5.26167
6.61756
10.0214
13.9041
12.0686
11.4902
9.12384
22.0282
24.7514
29.4099
31.3574
27.8438
35.3879
34.4976
38.3341
54.0143
532.056
50.3889
59.3242
66.5969
75.6503
47.5057
77.9151
68.6593
105.52
72.4001
98.5088
470.555
129.597
123.759
119.139
95.1497
144.64
151.521
197.812
119.766
129.253
134.847
160.44
252.891
333.021
371.995
623.113
9671.14
81130
216.376
236.078
178.735
302.058
269.462
418.298
571.69
610.731
592.622
54272.4
338.773
315.6
313.887
455.163
374.795
7338.63
300.924
10640.9
193.464
146.622
230.715
9300.94
134.628
144.789
171.774
215.614
389.447
174.48
190.827
273.471
143.895
179.757
1660.63
293.773
228.867
242.945
212.059
229.453
244.985
235.437
278.154
229.428
261.217
268.771
200.177
221.509
402.258
252.78
217.948
318.977
298.554
307.545
352.641
2357.21
358.445
321.639
490.717
478.834
287.57
308.749
367.488
343.548
443.038
372.824
426.566
352895
414.467
508.501
363.628
398.109
363.811
404.226
497.999
583.591
2483.25
484.642
562.682
657.398
331.698
566.739
605.746
584.741
515.716
1475.54
587.07
484.926
577.22
691.756
713.092
39692.8
783.302
639.56
748.296
628.308
779.899
693.109
640.676
1792
506.952
446.041
751.482
1277.67
759.326
1028.04
922.781
1002.98
917.959
789.738
1041.38
868.666
1075.07
1065.43
1079.48
7424.28
58815.2
1109.95
1151.16
910.836
1001.22
1038.26
1211.65
899.941
1087.38
1255.11
1233.37
1175.78
1271.3
1138.88
1470.96
1227.07
2526.58
1160.64
1102.55
1636.56
1417.08
1371.55
41849.7
1254.65
1250.76
1488.96
7868.33
1018.8
1511.77
1785.13
1614.66
12994.8
1748.26
1753.37
1746.72
2758.17
1932.33
1794.44
1806.8
2171.73
2468.93
1882.24
1110.6
1880.9
2214.4
1944.54
12421.2
2307.8
1826.33
2253.73
1828.07
2219.01
1831.46
2831.09
2469.63
1881.18
1576.87
2844.18
1942.59
2230.99
2038
2399.96
2552.24
2521.13
2163.93
2427.42
2748.64
2722.2
2879.08
9804.23
2370.42
2286.02
2624.45
2992.29
2708.51
2056.9
2481.94
1899.64
2690.97
3271.75
3401.74
1898.51
2753.4
3432.86
3195
2404.36
2942.77
3553.2
3191.04
2873.9
4456.03
3150.86
3332.93
8617.08
3662.22
3245.14
3602.57
4306.97
2630.67
2790.97
3585.07
4240.93
3666.92
3792.37
3329.69
4781.1
3683.82
3471.65
3730.93
3873.07
4202.08
4771.83
3545.43
3929.16
3603.01
3974.12
4748.8
4192.28
3586.35
4434.85
3662.8
4687.95
3921.97
3885.25
3905
3958.39
4155.11
5252.51
4854.1
4554.55
5739.4
4189.48
4134.04
5620.42
4518.88
4403.03
4230.91
4710.94
4411.46
5742.62
4477.41
4982
5585.96
4313.09
4704.02
5274.56
4183.74
4053.13
6033.15
5643.04
5063.37
4885.85
5029.08
4820.81
5184.76
5799.33
4388.45
4640.38
5452.33
5441.17
5083.43
5801.48
6376.71
5085.1
8206.41
5922.95
7478.87
6048.64
7157.93
6461.37
5635.6
6675.61
5331.08
6050.51
5525.22
6057.86
5440.53
6206.78
7119.79
7177.91
4966.08
7244.19
5381.17
4778.89
6267.39
7259.41
5336.84
7857.32
5877.8
6358.06
6660.51
7057.04
6092.86
6606.75
5738.49
8310.28
70550.9
134560
6987.14
6566.15
7038.96
7472.73
6601.59
6433.52
8721.73
6821
7872.56
7122.37
6832.67
7524.2
8139.53
6195.12
8722.99
8642.15
7871.19
7896.6
5841.27
4817.4
10479.9
7723.32
6681.45
7694.77
7144.82
7170.89
9723.66
8318.95
7075.47
8882.01
10142.8
8055.05
9835.16
7939.17
10421
9182.91
8105.9
8599.81
9257.55
7326.35
9332.57
8504.28
6754.49
11722.3
6685.91
10203.1
29937
49632.1
7164.95
9315.26
10467.7
6910
38714.4
7313.67
8455.07
8940.35
7196.45
8563.4
7235.15
10086.1
6745.34
9865.56
10371.3
9267.91
9006.81
9509.93
10390
9371.73
9149.18
10104.3
11647.2
8815.3
8682.85
8860.37
10032.5
8843.95
9700.25
13991.8
9414.87
9320.37
10973.6
8569.61
10369.6
9964
12269.2
9864.51
9256.63
7979.01
10801.1
8993.96
9808.71
8356.21
9127.44
8671.88
9189.31
13879.3
8736.97
700880
1.36E+06
10193.8
9596.22
10838.6
6779.66
9525.68
10128.9
10161.1
9774.87
20491.4
8620.76
8606.37
11996.6
10907.5
11645.9
13423
12790
11843.6
10848.3
12066.4
13042.6
11658
10054.2
10573.1
12052.2
11665.1
6264.01
9959.53
14718.2
10511.1
9681.03
10365.4
13362.7
12440
12154.8
11374.3
8977.02
10584.5
12178.1
10331.5
12973.7
11332.6
11826.1
11476.5
11073.6
12035.2
13812.4
12910.8
6546.3
12802.3
13965.6
16445
12073.1
9857.03
12994
11606.2
12936.3
10880
10002.3
13256.7
13377
16311.9
10304.6
10934.5
14207.3
339992
10124.5
11955.1
13502.9
12004.2
13201.7
12677.5
9164.63
12347.1
10972.2
11445.5
11837.1
12273.7
13039
11169
14934.9
13278.1
10830.6
8915.54
9366.31
13752.5
14784.7
11553.9
13279.7
11615.9
14329.3
11819.2
11152.3
12252.1
11712.5
13602.2
10898.8
15941.2
13175.7
12216.5
11620.2
12613
9302.81
16058.7
13794.4
15223.9
448320
869273
14287.1
13199.3
12943.2
12685.9
12171.4
13160
10532.5
12328
13402.4
14893.8
18017.3
16391
14942.3
12372.5
16942.2
12149.3
18265
14631.6
14112.4
12862.9
15455.3
13189.3
13617.2
14104.3
15353.6
13357
13315.8
17155.2
14896.9
15496.4
16299
15367.6
12742.1
15304.2
17543.7
16430
14745.1
17737
15440.5
18877.2
16481.7
19511.9
16430.3
14437.4
12786.3
20511
20958.6
20429.4
21854.9
16741
17806
17965.4
18381.4
19693.7
5.96E+07
17301
1.17E+08
16104.7
14009.1
11920.8
12404
14594.1
11644.6
13221.4
13990.4
12305.8
16391.5
14724.5
12610.2
15278.9
11141.5
15993.9
13648.4
15564.9
15009.6
14706.8
15640.9
11897.3
223193
17154.8
13167.5
19498.5
14743.7
15456.7
18779
16994.7
16772.9
14383.2
17985.3
16277.6
15140.8
16044.4
17097.5
15509.9
19230.1
13923.8
14446.6
18303.1
17416.1
18220.8
19396.5
15756.6
16373.5
15968.3
18418.3
15221
15883.5
13522.8
19995.3
14710.8
18291.6
19227.8
14095.8
4.02E+07
15469.6
7.84E+07
13971
15540.8
12834.5
11865.9
14325.4
15304.4
14961.8
14504.6
13430.9
15562.7
14165.8
17602.9
15021.1
15614.2
11516.6
17767
16509.9
17496
11717.2
12578.7
16833.3
18565.3
14958.3
14983.2
13518.8
13862.8
2.64E+07
10715.9
15029.8
14733.3
16110.2
11690.4
12000.3
10486.3
5068.71
4647.74
5005.83
4884.38
4569.33
5391.6
3245.24
3887.58
3617.35
5368.88
4409.79
4950.14
3281.07
3028.06
3939.57
4415.49
5223.85
3841.94
4675.4
3749.42
81178.2
3877.68
4215.35
4137.44
4053.39
3210.43
2927.63
3828.23
4187.41
4961.84
3125.12
3719.17
4301.56
5992.47
4103.78
4837.15
3326.56
4147.63
4823.36
3420.36
4355.9
3757.04
4473.41
4959.92
4750.39
3907.56
3625.62
3749.88
5649.37
5083.29
5755.61
4168.51
4761.37
3790.65
4092.88
4391.55
4781.52
3781.95
3795.11
8.64E+06
4374.65
4748.79
3770.36
4356.03
4876.59
4298.23
4104.98
4383.72
3917.36
2125.98
2566.53
3064.45
3126.65
2479.28
4075.92
3100.57
3300.13
3278.97
2579.59
3668.17
3097.22
2499.9
2216.82
2319.37
3502.37
2175.37
2637.94
3859.53
3352.87
3803.81
2778.88
2363.51
3908.86
2566.17
3081.03
3340.85
2306.93
3303.02
3834.58
2630.92
3419.42
3698.5
3303.27
2807.36
3667.87
4214.82
3067.78
1746.07
3147.95
3090.72
3024.7
3328.39
3064.91
2808.08
3294.95
3159.16
2896.57
3447.19
3748.86
2636.9
2206.89
3147.68
2420.95
2921.2
4265
2957.11
2581.35
2961.89
3080.66
2318.39
3947.68
3167.68
3333.18
2915.83
3189.43
3272.33
2625.53
2519.78
2985.79
2660.01
2871.35
2848.69
3054.28
2508.92
2909.37
2623.75
142245
2354.93
2567.35
3717.07
2371.51
3670.85
3296.2
2667.97
3441.74
2469.31
2417.12
1.25E+06
3960.58
2939.13
3227.17
2811.3
3161.18
2538.4
2876.26
2708.66
3284.03
2725.86
3840.67
2609.11
2608.04
2052.35
3112.56
2525.7
2717.66
3369.47
3489.76
2332.94
2603.22
2792.99
2942.96
2879.93
2818.44
2796.2
3618.21
8943.67
3586.29
3898.13
3070.74
2882.18
2819.62
2927.01
2901.22
2856.09
3606.55
2942.46
3437.9
2696.48
2519.17
2763.43
3420.36
2374
2479.34
3013.62
3223.94
3736.26
1971.63
2333.37
3006.67
3447.34
3044.03
2597.07
3404.56
3112.87
2446.26
2773.78
2538.64
2909.81
3670.18
2817.47
3332.27
2953.39
3004.92
3282.06
1987.39
3241.07
3418.66
2884.39
2352.1
2886.16
2439.33
3107.7
3820.67
2935.92
3297.38
2576.99
22555.2
2712.18
2411.95
2853.41
3293.72
3822.07
2734.73
2936.93
2778.76
3307.38
3926.22
3214.37
3127.89
3343.36
3350.45
3465.9
3009.86
3228.7
2979.69
4017.54
3726.48
3426.66
3012.2
2266.86
3577.24
3366.66
3296.29
2759.43
2653.9
3892.83
2111.43
2628.99
2806.77
3091.42
3624.55
2709.41
2652.05
2671.94
2941.84
3723.13
2988.42
2906.3
2643.25
1819.45
2322.48
2616.04
2990.3
3055.55
1830.81
2745.88
2399.08
2568.19
2434.58
2878.2
3087.58
2513.01
2031.89
3132.21
2710.22
3811.5
3112.18
3254.36
2957.24
2732.2
2474.35
3196.58
3285.26
3401.96
2758.8
2132.38
3244.74
2413.45
2978.02
3486.87
2056.52
2672.43
3615.86
2701.78
2674.44
3706.66
26327.7
2853.11
3057.78
3350.3
3250.13
2084.3
2040.44
3192.56
2069.66
2194.85
3403.41
3202.01
2148.09
2433.86
3105.65
2558.61
74474.5
2672.82
3068.82
3476.4
3293.52
2848.04
1964.43
3032.25
3144.12
3221.5
3039.2
2670.66
3456.83
2449.1
2278.47
2622.56
2662.22
3245.28
3856.69
3807.44
2355.54
3461.12
2789.49
2870.27
3217.72
2379.02
2681.52
2315.28
2669.76
2823.37
41046.5
902164
345749
2245.39
1989.17
2336.5
3056.7
3204.83
2631.69
3766.28
2611.73
3020.99
2938.07
3487.16
2865.92
2598.66
2816.8
2022.05
3231.5
87410.2
2267.28
3082.3
3402.11
4435.86
2366.74
2486.9
3040.49
3190.37
8505.58
4735.67
2804.73
2932.43
2717.01
3309.03
2462.32
3430.3
2551.03
3831.45
3371.29
2653.83
2639.95
51254.4
6761.9
3543.85
3912.42
2699.05
2556.27
3356.52
3069.65
3014.81
2928.95
3548.86
2956.27
3586.57
2886.29
2427.13
2525.78
2197.97
2422.75
2557.84
2455.74
2442.12
3046.14
4329.1
3106.72
3270.01
2304.36
6309.55
3365.19
2347.35
3195.24
2905.56
2414.28
2498.22
2727.33
2786.49
2437.39
6521.01
2877.66
2871.93
4499.85
3304.41
2733.67
3191.38
2453.25
2341.53
2011.83
2738.48
2737.97
3236.31
2749.04
1931.69
2319.46
3919.57
2879.91
2907.68
2729
2789.25
3311.64
2290.64
3299.72
2728.03
2966.03
2254.36
2800.83
3964.25
2789.13
2587.41
2187.34
2216.74
3236.28
3442.86
1895.43
2277.29
2076.18
2184.14
2585.28
2537.71
2257.98
2131.58
3320.4
1988.91
2516.9
3305.07
2069.4
2710.84
2197.74
2458.06
3204.2
2794.37
2693.64
2248.1
2611.59
1783.32
2596.92
2613.69
2622.73
2495.64
2928.5
2364.39
2254.94
2987.85
2776.66
2323.5
3178.57
2583.13
2945.37
2692.37
2342.19
2005.5
3310.74
3590.65
3320.9
2298.81
2186.55
2477.75
2576.88
3406.41
2051.2
2291.58
2840.74
3252.46
2516.88
2867.02
2507.05
3153.12
3018.8
2680.21
2472.05
2272.67
10908.1
2803.3
2391.1
2104.43
2538.67
2155.14
2771.14
2838.9
2735.41
2728.19
2504.1
3254.32
2953.53
2703.14
2249.22
1686.68
3063.01
3075.46
1775.26
3048.81
4880.5
2725.66
2344.05
2846.69
3590.29
2582.91
2554.59
3123.44
2981.07
2319.86
2898.54
2589.16
3070.87
3169.33
2952.75
3102.01
2572.54
3294.44
3197.67
2427.37
2631.33
3003.35
2028.07
2444.18
2433.19
3619.53
246255
2245.83
3131.7
2888.45
2957.87
2367.17
2280.08
3477.13
2865.64
2780.22
2807.83
2869.16
1878.74
2632.64
2471.45
2569.03
1900.57
3153.3
2312.51
2222.53
2453.23
1799.79
3012.71
2223.15
3630.46
2345.97
3362.24
2506.55
3056.42
5664.35
3114.27
3245.43
3633.1
28943.9
2764.89
3308.03
2502.48
2335.54
2309.76
1868.87
3223.99
31284.9
2649.8
3277.24
2699.19
35799.7
2848.21
2507.6
3383.53
2405.49
2869
2788.41
3184.94
2464.04
2838.36
2232.9
2452.2
3258.38
2402.5
2633.36
2043.82
2987.04
2778.41
3379.1
3113.91
2693.43
3363.28
2520.41
3850.85
2367.13
2634.38
2439.55
3679.09
2907.71
2618.21
3343.11
2580.02
2502.31
2208.61
2793.05
3966.66
3131.21
2967.83
2573.02
3537.87
3265.91
2183.84
2214.25
2146.65
2584.79
2772.47
3212.04
2964.23
2879.16
3623.91
2690.78
2322.96
3138.38
3079.58
9017.85
2557.75
9425.91
3624.85
2381.65
2400.24
3093.5
3135.25
2208.84
3010.87
3575.81
2862.65
2349.94
3471.95
2963.24
2868.69
2507.87
3370.72
3018.12
2352.51
3117.87
2941.55
2703.48
3025.13
3148.77
3091.26
2771.91
3175.48
2525.66
3099.45
3184.08
3366.52
3413.11
2619.62
3807.02
2537.21
2553.3
2984.99
4177.99
3085.15
3121.99
2819.31
3144.65
2994.2
3129.33
3740.02
3572.02
2809.23
3042.31
3440.75
3576.47
3403.65
3249.82
3547.14
3886.43
3554.11
2919.83
3718.45
3257.23
2735.28
3330.22
2908.67
4324.04
3496.21
4043.03
3843.74
3706.28
4281.17
3869.08
3894.41
3953.45
3494.41
3901.72
3760.71
4249.35
3520.88
5033.02
4281.9
4412.27
4341.55
4490.24
5289.87
4237.17
4022.76
4415.49
4474.87
3595.3
4719.71
5930.2
4513.78
3893.19
5225.17
5577.74
5783.91
5055.76
5576.18
5001.77
6110.2
4594.62
5328.63
6481.54
5946.38
5265.14
5698.33
5660.25
5481.23
5984.35
5521.29
5241.44
5990.59
5624.62
6287
6366.02
5816.82
6885.78
5642.42
6914.87
6722.88
6168.79
5666.24
6217.96
5914.38
6492.26
4684.48
6637.07
7620.52
5121.31
7800.9
4815.83
6170.7
5216.2
6058.48
4859.46
6108.12
6492.65
4684.69
5202.47
6443.79
5093.71
5531.36
4764.1
4682.19
5804.52
5902.85
5132.81
5463.36
5278.57
4144.02
5190.18
3691.03
4659.98
7338.53
5930.47
4645.43
4674.81
4528.86
6582.99
4287.58
4805.13
4276.07
6579.95
4585.36
296614
5592.05
3518.19
3733.42
4063.67
4177.48
3238.99
4178.09
3263.38
3687
558462
2008.83
2751.59
2002.67
2598.43
2321.5
2596.56
2124.03
1997.09
2133.07
2162.84
2923.81
2995.37
2113.91
2811.16
2615.26
2390.48
2730.29
2043.78
2313.61
3363.86
2260.42
3208.03
2801.09
3252.48
2623.2
2264.31
2057.09
2973.94
2556.14
2215.9
2162.37
2906.56
2354.94
2952.78
2952.85
2600.2
2173.15
2357.25
3044.51
2251.89
2889.83
3087.35
2546.17
3139.57
2115.56
2597.69
2711.3
2142.08
2585.51
2291.91
3094.94
2464.26
2343.51
2329.65
2563.13
2310.21
2201.02
2435.07
2141.92
2615.06
2687.19
2338.77
2084.77
2286
2470.21
2448.87
2513.96
2013.76
2750.16
3088.29
3040.73
2727.23
2693.24
3013.39
2724.07
2653.89
2522.93
3491.74
2910.19
2205.7
2635.9
3585.15
2217.56
3204.46
2349.3
2555.06
2499.56
2898.91
2564.75
2696.51
3368.96
3278.77
2432.34
2712.4
2510.12
2318.95
2884.92
3886.85
3295.02
3158.94
2597.71
2995.94
3978.58
2538.49
2325.39
2674.6
3084.36
2436.1
3382.12
2936.75
3660.28
2892.87
3049.34
2641.42
2900.15
3414.93
3606.51
2586.74
2709.15
3440.87
3368.14
4098.94
2799.53
3077.23
3559.38
3108.89
3054.22
3624.18
3433.13
3795.26
3101.2
3496.67
2815.33
3721.79
2671.89
3818.69
3044.37
3219.91
3358.79
3913.36
3571.05
3023.68
3763.73
3180.99
3969.35
3866.08
2785.51
3667.2
3475.47
3141.8
3063.5
3776.78
2736.5
2568.74
3114.25
3748.13
3257.01
3014.15
3803.77
3329.82
4162.01
2526.66
2786.61
3076
2834.28
3140.31
3122.53
2549.05
2943.06
2970.81
2834.43
3126.12
2452.27
3460.93
3064.38
2616.17
2807.84
2902.67
2344.04
2378.03
3151.4
3470.23
3132.71
2765.96
2328.03
2290.95
3702.43
3570.55
3245
2725.48
3461.26
3528.43
2671.61
3104.34
3207.77
4542.52
2217.12
2734.32
2643.98
2277.62
2865.53
2670.23
2846.27
2804.39
2295.12
2506.54
3895.18
2650.03
2211.62
2707.21
55526.1
2817.83
108615
2345.69
2310.07
2150.83
2645.15
2348.11
2056.93
2545.12
2762.54
2092.43
2109.03
1915.17
1710.76
2107.86
2380.08
2118.35
2424.57
2754.62
2239.89
2669.32
2531.26
2014.16
2006.7
2209.31
2864.02
2468.15
2780.88
2693.57
1820.28
2382.9
2576.6
1937.35
2515.38
2303.22
1792.62
1680.32
27277.7
1989.03
2319.71
2029.82
2126.13
2029.77
1832.35
2384.64
2202.87
2562.2
1980.37
1583.33
1920.96
2087.49
1899.38
2195.27
2296.89
1796.32
1901.56
2176.94
1992.7
1993.32
2419.59
1699.73
2316.33
1951.36
2088.13
2093.01
1928.56
2388.9
2590.52
2623.59
2156.69
1672.25
1845.86
1677.16
2307.81
2441.03
2161.58
2256.46
3215.79
2684.97
2156.43
2274.24
1968.73
2092.09
1792.59
2106.95
2329.09
2111.43
2373.67
1948.56
1834.52
1797.11
1875.24
1770.05
2436.21
1840.32
2263.76
2974.77
2493.95
1627.56
2028.2
1795.43
2601.1
2159.6
3094.42
1978.9
2464.65
2024.79
1936.13
2226.48
2057.38
1727.68
2320.83
2250.12
1750.83
2153.88
2206.01
2177.14
2823.88
1921.7
2083.84
2083.54
2189.23
2156.04
2152.45
2426.29
1925.49
1633.46
2305.33
2150.46
1802.08
2464.49
2290.76
2314.46
1924.91
1852.13
2140.04
2005.64
2023.18
2121.97
2134.57
1995.72
2481.24
2843.5
1874
2085.68
1643.79
1679.77
2367.92
2116.48
2306.77
2388.02
2178.05
2353.08
1937.54
1983.82
1926.94
1997.42
1697.9
1977.26
2002.17
2025.95
1606.75
1950.1
1951.53
2403.17
1864.25
2489.1
1889.65
2208.63
2071.28
1708.39
2420.49
2157.9
2219.16
1841.89
2400.45
2653.39
1943.63
1891.59
2443.49
2029.24
1810.94
2192.51
2895.35
2251.8
2274.54
1992.97
2313.06
2607.26
2064.87
2040.33
2165.41
1749.56
2078.91
2191.75
1568.94
1862.24
1968.28
2204.12
2725.02
2040.67
2331.36
1987.4
1581.55
1913.87
1805.32
2029.34
2358.54
2064.35
1984.91
2183.03
2272.19
1888.78
2054.88
2072.12
1917.88
1984.54
1801.03
2184.96
2469.63
1892.56
2099.58
2233.51
2194.8
2143.53
2300.96
1911.81
2422.85
2440.85
2463.81
2173.47
2049.54
2607.33
1871.67
1994.17
2138.48
2090.4
3637.06
2365.83
1976.02
1927.95
2207.72
2536.97
2175.66
2528.43
2208.44
2051
2292.92
1925.41
2579.07
2200.86
2189.07
2061.29
1991.94
2479.66
1869.66
2140.93
2211.77
2230.22
2362.19
2323.2
2528.07
1904.36
2167.8
1990.09
2624.4
2260.59
1932.77
2027.33
1867.34
1774.63
2273.66
2792.62
1896.7
1694.2
2587.41
1705.87
2106.59
1903.02
2428.79
2627.28
1894.65
3155.87
1996.44
1932.41
2262.89
1594.84
2283.62
1962.09
2337.6
1910.31
1851.22
2059.46
2082.44
1864.9
2029.34
1869.2
1723.5
2326.19
2056.53
1888.69
2412.24
1601.75
1525.57
2025.91
2010.01
1900.89
1564.73
1807.68
1981.03
1605.9
1879.95
1566.5
1883.87
2006.94
1966.35
1877.99
2282.27
2722.62
2017.76
2136.71
2231.31
1661.51
1950.05
1993.93
2061.51
2033.86
2506.99
2174
2482.2
2407.64
1837.9
1806.45
1633.95
1777.42
1858.76
2934.63
2356.63
2255.21
4681.25
2279.56
2565.88
1909.65
2655.34
1906.5
1845.88
1952.8
2664.34
1611.06
2556.96
2126.75
2527.8
2339.81
2154.05
2196.49
1745.51
1823.64
2167.74
7878.84
1894.55
2194.29
1906.98
1903.08
2111.89
1833.55
2315.81
2023.36
1768.79
2174.27
1875.18
2153.13
2207.22
1813.14
1932.38
1800.53
1935.24
1782.76
2525.73
1554.93
2330.06
2350.94
1737.05
1937.87
2404.92
1928.97
2191.24
2410.63
1846.72
1889.46
1859.04
2442.25
2472.52
2180.84
2186.84
2121.67
2131.45
1699.27
1785.52
1929.92
1953.84
1980.79
2434.94
2023.9
1940.26
1971.37
1816.52
2275.05
2363.32
1860.62
1626.84
1614.17
1732.29
1809.65
2181.4
1823.97
2139.84
2234.35
2775.03
2028.63
2319.88
1750.71
2248.99
1955.53
2216.9
1995.33
2041.55
1756.07
2409.34
1827.78
2501.57
2229
1712.69
2172.93
1764.8
2445.77
2044.49
2124.4
1684.67
1852.33
1732.63
1618.37
2393.56
1830.21
2129.15
1929.84
2117.5
2225.21
2315.58
1940.81
2064.2
2054.03
2106.97
2565.84
1984.79
1892.78
1849.12
1954.81
1781.9
2398.71
2182.99
2316.51
2068.67
1794.02
2938.41
1845.2
1819.91
2102.97
2177.37
1853.95
2835.74
1798.47
2050.87
1840.92
1781.9
2611.35
2150.13
2277.68
1908.39
2668.33
1817.61
2747.98
1736.47
2215.13
2177.42
2370.18
2221.75
1646.17
2157.87
2335.48
2633.16
2185.82
1883.69
2162.11
2130.68
2005.8
2187.2
2026.1
2093.2
2181.72
2690.41
1975.99
2289.53
1767.41
1920.59
3086.93
2397.69
2185.14
2159.21
2281.17
1946.57
2300.88
2429.49
2352.08
1974.79
2429.27
2179.84
1697.02
2088.07
2348.19
2858.8
1993.97
1958.78
1833.02
2020.47
1790.19
1819.91
1795.44
1961.94
2394.59
1932.44
1865.4
2168.89
1992.2
1778.51
2038.46
2040.44
1945.1
2015.43
2365.46
2212.1
1910.69
1615.81
1835.75
1947.6
1577.58
110264
2416.56
2150.69
1786.54
2426.52
2477.18
2065.09
2519.82
2047.86
1823.34
2051.45
1775.46
1646.51
2343.29
2645.98
2258.51
2194.02
1960.37
1919.85
2033.53
1671.41
2074.93
1721.06
207464
2339.6
2342.8
1742.7
2239.05
1912.64
1914.6
2052.42
1900.48
1540.72
1802.76
1824.57
1689
2122.6
2203.61
1845.78
1822.08
2025.52
2329.35
2089.43
1959.02
1806.95
2003.46
2711.18
1898.62
1867.96
1788.91
2327.35
1641.96
1753.93
1609.25
1938.59
1581.04
1863.68
1975.55
2379.1
1777
1940.65
1997.41
1678.39
1907.09
1990.55
1775.15
1924.19
2199.92
2059.53
1840.06
2079.6
1556.6
1943
2185.49
1853.71
2084.45
1996.35
1865.65
1952.42
2207.25
1812.93
1854.24
1842.99
2080.43
2268.72
1920.1
1614.57
1775.76
1896.26
2070.83
2250.04
1919.4
2213.34
1785.38
1711.86
1886.83
2031.92
2039.56
2011.99
1651.02
1996.02
1916.63
2332.99
1688.73
2041.65
3305.03
1881.84
3542.8
2016.07
1977.03
1754.9
1819.69
1770.97
1748.65
1912.93
1732.64
1893.95
1867.64
1828.72
1676.03
2009.43
2137.6
1854.51
1352.52
1993.12
1989.32
1832.22
2073.6
1778.51
1759.95
1902.87
5476.39
1898.81
1661.51
1674.63
1927.31
1919.27
1902.73
1872.95
1654.04
2017.47
1533.5
1763.2
1599.19
1406.7
2093.24
1689.13
1648.15
1596.82
1718.1
1946.42
2053.25
1956.79
2133.06
1796.49
1648.94
2054.2
2275.04
2106.19
1596.85
2298.57
2000.77
1564.09
1963.9
1988.96
1887.46
2039.87
2064.06
1797.01
1753.34
1832.3
2268.24
1719.21
1742.37
1932.97
2033.2
1829.01
1647.67
1983.69
1935.1
1941.99
1923.32
2024.51
1971.84
1732.49
1686.56
2096.59
2118.91
1677.7
2839.83
2059.33
1992.65
1509.71
1652.62
2260.4
1622.56
1939.11
1846.05
1509.95
2007.11
1621.63
2652.32
1743.91
2053.21
1928.55
1858.85
1847.29
1981.84
1885.83
1931.94
1690.67
1767.33
1888.16
1667.39
1665.91
1862.31
1859.34
1730.36
1674.17
1642.8
2057.2
1642.63
1669.3
1834.99
1941.35
1896.62
1757.84
1544.87
1828.92
2751.21
1901.53
1961.6
1628.22
1996.09
1805.16
1657.18
1618.97
1783.78
1963.36
2054.08
1975.47
2244.94
1749.58
2059.38
2141.26
1750.93
1993.9
1768.56
1771.32
1676.18
1875.01
2023.65
1679.11
1840.34
1869.01
1759.61
1719.88
2038.07
1939.84
1915.58
1713.8
1962.27
1655.58
1462.83
1595.94
1735.59
1870.89
1843.37
1939.86
1633.78
1971.93
2056.83
2070.79
1803.21
1940
1820.96
1962.71
1867.28
2038.92
1716.06
1735.86
1857.72
1696.25
1759.08
1704.49
2255.21
1547.7
1757.55
2005.03
1793.62
1637.58
1683.56
1524.45
1929.82
1632.44
1875.47
1876.88
1643.16
1646.8
1961.23
1904.16
1719.52
1687.48
1761.17
1742.47
2385.27
1360.5
2287.78
1417.89
2157.65
1715.86
1920.04
1544.36
2102.04
1553.42
1551.31
1578.94
1851.23
1462.28
1838.43
1675.39
1652.77
1878.31
1461.06
1588.72
2330.63
1679.99
1546
1637.65
1725.79
1645.05
2062.81
1882.57
1474.7
1435.39
1769.56
1747.33
1700.36
1696.65
1770.85
25896.8
1821
1532.77
2075.52
49482.9
1625.47
1617.68
2032.04
1401.85
2037.77
1706.39
1911.52
1552.17
1781.42
1666.14
1841.19
1435.77
1675.28
1718.49
1618.23
1635.2
1628.71
1423.84
2118.88
1755.57
1559.76
1656.66
1661.77
1652.66
1520.94
1736.45
1577.55
1674.21
1612.56
1744.01
1619.86
1580.77
1809.01
1667.23
1778.53
1425.14
1765.15
1542.31
1931.11
1603.89
1996.78
2159.67
1661.98
1620.54
1718.95
1612.52
1881.1
2084.56
1595.96
1520.54
1868.99
1571.3
1702.36
1636.72
1737.95
1493.65
1516.55
1663.98
1869.84
1644.25
1355.53
1374.21
15505.7
1391.86
1696.44
2005.11
1504.9
1419.06
1549.95
1540.21
1677.37
1828.09
1548.49
1348.08
1357.06
1620.73
1535.03
1511.34
1508.5
1620.21
1489.18
1428.93
1395.96
1482.23
1506.55
1573.59
1594.97
1528.69
1523.75
1582.53
1672.86
1723.37
1564.88
1392.41
1746.15
1348.69
1395.98
1325.17
1690.42
1582.53
1605.51
1743.29
1598.42
1393.73
1803.81
1758.4
1544.95
1613.05
1344.71
1356.29
1453.98
1597.34
1381.14
1421.29
1407.63
1485.21
1854.39
1372
2045.55
1617
1687.66
1482.71
1594.98
2167.98
1579.9
1521.08
1693.46
1356.62
1397.72
1357.73
1426.27
1477.61
1619.56
1210.63
1362.53
1423.67
1538.86
1445.11
1433.57
1658.52
1230.3
1602.67
1606.22
1779.92
1446.4
1400.65
1529.61
1347.46
1402.81
1188.32
1264.03
1601.79
1243.02
1581.64
1614.79
1439.87
1161.7
1683.77
1478.5
1689.85
1718.34
1645.96
1270.26
1397.77
1615.24
1758.74
1341.71
1713.22
1576.44
1267.35
1435.94
1477.58
1622.47
1832.93
1540.01
1190.77
1363.89
1653.95
1592.64
1527.36
1610.54
1501.33
1610.92
1313.12
1502.56
1321.12
1648.14
1465.09
1326.52
1429.22
1385.24
1373.69
1286.38
1383.55
1590.18
1316.53
1721.44
1533.54
1523.32
1298.62
1375.09
1414.4
1318.9
1171.08
1405.07
1472.13
1524.91
1481.62
1293.78
1551.09
1335.15
1373.96
1142.68
1235.92
1438.68
1206.74
1462.32
1193.01
1393.38
1413.29
1337.61
1381.51
1541.76
1482.9
1447.02
1413.95
1335.44
1306.31
1175.54
1598.32
1332.47
1367.59
1432.79
1386.07
1332.58
1450.86
1153.83
1212.58
1468
1454.74
1238.26
1491.24
1362.17
1279.72
1246.09
1371.49
1308.25
1448.19
1306.18
1321.08
1180.25
1258.8
1199.42
1762.86
1410.98
1270.46
1126.18
1691
1291.76
1445.75
1538.5
1215.83
1166.69
1115.64
1317.09
1351.53
1388.88
1427.24
1599.36
1349.05
1496.62
1121.62
1051.17
1387.91
1440.94
1348.62
1481.52
1229.56
1114.84
1094.51
1455.56
1277.31
1390.79
1275.03
1452.85
1281.13
1130.63
1227.25
1265.53
1234.01
1132.06
1431.6
1203.92
1070.02
1134.82
1210.63
1290.11
1206.41
1397.83
1369.43
1480.39
1068.78
1178.71
1150.8
1200.53
1180.38
1359.39
1407.7
1143.81
1193.33
1346.37
1226.41
1156.15
1343.73
1155.57
1260.18
1406.12
1164.86
1236.59
1104.04
1173.92
1274.14
1440.26
1282.04
1218.13
1315.24
1077.13
1200.45
1134.48
1043.22
1329.7
1313.85
1116.96
1335.81
1324.42
1515.08
1132.98
1190.97
1136.52
1153.15
1379.64
1228.5
1374.14
1233.4
1255.85
1012.5
1129.01
1355.39
1390.78
1091.81
1072.61
1397.01
990.856
990.567
1226.66
1246.09
1062.39
1233.27
1334.79
1182.16
977.145
1135.94
1131.07
1051.47
1195.39
1197.97
1107.71
1122.1
1050.3
1231.24
1469.86
1200.95
1163.01
1392.27
1016.94
906.826
1248.26
1144.2
1086.62
1130.18
1171.19
1077.62
1343.13
1178.38
1248.67
940.939
1311.73
1503.27
1095.93
961.324
1095.04
1323.26
1024.41
1027.73
1242.8
1013.38
900.827
1028.09
1017.12
1107.71
1034.94
1107.17
1272.44
1058.76
1002.08
1104.64
965.49
1148.23
1056.14
984.781
1002.9
1030.82
1063.2
1147.54
1009.68
1239.42
1099.11
975.662
1120.49
985.542
1151.07
976.499
1054.12
991.562
1041.51
1252.57
1074.62
1120.44
1115.67
1009.75
1060.34
998.275
997.471
912.128
991.97
1107.31
918.811
1029.95
1101.57
1075.15
1067.33
1172.37
1158.11
990.694
967.177
984.746
1147.61
1449.42
1060.44
1073.86
1024.64
1145.09
1204.26
965.418
1087.04
878.961
937.468
1018.78
963.302
945.358
906.313
941.874
1080.9
900.463
904.75
1004.16
990.004
1046.79
785.162
1092.26
929.64
949.122
949.001
917.653
892.741
857.145
1011.44
1036.49
1117.28
840.492
1033.14
745.333
1088.75
1032.17
867.102
912.708
778.526
901.788
821.839
857.456
864.276
1034.83
739.21
851.876
940.096
917.224
1085.51
1080.5
823.963
753.638
965.184
839.751
930.107
872.51
912.851
810.623
1091.9
958.997
1163.6
839.294
938.432
926.539
856.195
869.816
763.015
880.307
905.769
873.484
846.071
873.081
855.126
849.898
861.243
747.289
872.663
945.968
980.852
1008.68
760.761
927.554
865.788
771.286
835.299
932.178
807.565
829.996
760.868
800.4
948.185
963.984
770.139
846.157
740.275
750.831
1044.25
841.04
833.632
859.749
771.155
852.714
741.062
845.441
1000
772.724
1025.57
811.084
739.165
793.49
768.284
879.072
742.613
788.742
783.79
881.06
724.835
860.545
797.109
730.464
838.41
681.134
810.244
682.678
811.144
846.109
705.122
662.114
847.678
847.441
752.56
734.698
732.267
721.11
740.3
731.676
669.439
687.698
901.015
641.465
742.315
807.201
748.85
662.53
685.43
631.454
717.674
765.505
822.474
605.826
614.161
698.293
688.067
715.09
824.762
783.081
722.612
748.237
663.496
654.777
738.734
663.564
886.952
837.462
620
686.303
667.986
653.805
889.503
977.968
694.759
818.857
582.622
626.578
645.845
653.762
730.855
656.325
723.23
606.664
602.261
620.967
661.364
631.842
671.153
594.779
630.97
608.077
582.909
786.279
603.582
559.072
609.707
530.251
607.514
599.938
677.12
646.375
549.288
627.653
529.708
537.918
695.829
563.196
511.133
599.138
618.844
612.564
531.535
559.126
516.117
606.619
649.67
570.405
603.183
665.109
512.26
566.835
577.031
610.234
563.49
557.081
479.705
645.118
574.224
614.113
714.364
620.974
522.369
525.113
591.789
546.13
514.859
545.163
599.227
602.109
579.74
491.865
530.273
455.011
596.081
511.589
611.439
464.682
514.501
471.191
539.19
534.417
434.243
451.952
608.705
513.263
503.875
575.629
551.929
436.959
629.701
452.436
451.128
442.903
537.878
609.052
463.996
434.328
540.816
578.962
573.978
444.752
401.341
515.403
442.18
373.889
400.904
484.789
433.849
414.684
587.198
454.474
392.832
478.544
517.433
452.648
551.331
518.703
429.879
488.228
577.799
485.168
399.286
501.113
363.987
378.601
461.649
401.461
466.303
460.466
409.535
454.812
396.096
389.171
454.288
351.084
505.072
497.508
549.993
458.38
397.993
342.814
520.05
360.545
306.72
452.388
421.805
393.383
363.225
355.04
340.203
337.692
410.009
371.668
373.905
368.472
336.681
311.308
415.702
311.36
455.57
354.27
391.314
344.992
316.721
442.143
349.14
373.485
287.192
397.869
359.157
282.979
336.007
355.834
459.596
346.789
360.044
343.224
377.084
370.504
330.089
284.974
340.735
346.585
358.01
366.966
271.634
299.748
301.789
236.621
380.925
439.667
310.677
268.883
292.759
392.235
279.748
306.762
286.903
296.459
292.566
392.21
256.87
274.018
276.711
190.345
275.941
378.168
340.977
234.583
312.172
285.928
248.627
295.404
244.829
246.071
242.76
292.714
280.822
229.603
264.291
341.349
243.833
341.005
246.093
235.044
210.834
227.442
238.32
250.397
292.16
358.35
233.836
217.661
283.869
336.445
215.633
218.426
251.146
248.671
235.096
226.871
270.432
243.623
231.136
217.283
248.022
235.544
227.088
243.738
180.941
164.094
189.295
225.738
202.171
273.672
263.951
238.572
188.892
232.174
236.862
190.001
207.793
201.654
305.14
220.173
229.553
182.858
172.284
230.533
191.8
246.594
201.465
192.944
196.105
168.967
206.265
185.059
181.992
168.339
233.558
190.084
224.322
206.93
208.519
169.397
218.126
130.143
189.221
169.863
226.963
179.096
152.676
174.001
198.349
162.168
168.478
191.218
199.282
144.275
186.366
160.03
213.079
194.89
134.201
197.943
156.009
170.825
195.46
130.862
128.065
106.834
123.448
201.074
131.061
133.799
146.626
156.779
161.729
179.36
167.239
127.173
151.985
117.765
127.68
191.28
137.718
129.868
124.435
134.763
136.471
167.186
138.444
156.212
155.333
107.413
180.571
131.583
96.0082
102.316
121.588
124.447
183.177
96.9263
96.0836
130.46
142.613
172.571
146.544
196.238
108.085
126.768
99.1428
104.196
128.125
134.163
148.792
132.708
97.6276
98.7037
140.771
104.64
102.429
98.2054
119.566
91.7506
178.998
102.379
116.288
78.1173
97.5486
132.848
88.85
117.627
93.4879
81.1025
140.251
111.796
77.8858
109.464
98.2209
85.0514
85.2194
86.2434
101.697
109.717
118.431
98.8459
107.148
94.6339
113.486
84.1985
84.7359
70.6106
102.963
79.6312
100.854
91.0629
82.4898
95.9785
73.4259
100.79
66.0628
90.8816
97.6027
92.0138
90.5611
73.9255
79.5984
90.4879
88.1628
61.9057
87.4001
79.3586
73.2551
71.6216
93.5521
77.6293
77.103
47.3826
75.3273
79.6944
73.4469
73.7807
67.0057
83.4832
54.4818
60.8936
71.9134
71.6933
81.8596
56.9696
59.4175
57.016
74.5459
69.2109
68.9312
57.199
51.5182
63.8659
72.2802
83.8794
56.9891
105.138
42.2234
50.5034
70.3606
53.6423
93.04
56.6768
56.4862
47.3355
48.0846
51.6928
73.7877
52.4267
46.8893
52.4607
39.9592
47.8196
53.2248
36.2586
50.7789
28.9587
27.413
41.7653
23.9892
39.2553
37.8929
37.0436
32.7558
36.312
41.2976
29.4264
30.7669
38.8897
30.0664
33.306
28.3026
26.3653
33.1185
26.6127
35.8369
25.3965
23.7039
43.6968
28.9003
19.118
27.3081
30.1644
27.296
28.3963
27.6141
22.6557
24.4079
20.234
26.8224
18.5739
20.9479
20.3776
18.3226
13.5472
20.7146
15.4986
21.1928
15.5947
17.0219
17.2276
16.849
10.8026
12.6337
11.7206
8.83467
10.9416
12.1855
7.19502
6.50536
12.7957
7.79759
7.7811
5.04038
6.95481
4.93189
3.60627
5.07243
3.71789
2.93566
2.94554
3.06892
1.99823
2.28158
1.17732
2.03031
1.19433
0.62876
0.583567
0.147299
0
0
0
0
0
0
0
0
0
0
0
0
0
0
0
0
0
0
0
0
0
0
0
0
0
0
0
0
0
0
0
0
0
0
0
0
0
0
0
0
0
0
0
0
0
0
0
0
0
0
0
0
0
0
0
0
0
0
0
0
0
0
0
0
0
0
0
0
0
0
0
0
0
0
0
0
0
0
0
0
0
0
0
0
0
0
0
0
0
0
0
0
0
0
0
0
0
