0
0
0
0
0
0
0
0
0
0
0
0
0
0
0
0
0
0
0
985675
587599
384788
284733
220515
183330
169097
155879
142995
138056
136737
144162
151454
153605
158819
173764
186423
198593
215600
231934
237709
234932
239959
234938
217426
200867
175323
148455
122656
98361
79250
67788
58761
52389
48967
47119
45007
42494
42742
41307
38445
38090
37167
37075
36213
34702
33106
32939
31513
30632
30245
30392
30427
30170
30999
32060
31106
31735
32808
33877
33443
33152
32443
32454
32246
31824
30736
30095
29168
27700
27783
27094
25464
25163
24865
24380
24062
23174
22686
22781
21640
21265
20832
21045
20593
20321
20732
20445
19463
19670
19400
19353
19041
18684
18273
18065
17541
17254
16729
16864
16678
16627
16873
16434
15956
16319
16222
16215
16169
15946
15679
15720
15466
15243
15448
15600
15467
15415
16202
16032
15669
15833
16144
16226
16120
16239
16213
16087
15700
16096
16001
16486
16204
16445
17343
17796
17062
17964
18318
18589
18774
18668
18321
18409
18304
17463
17173
16909
16543
15866
15994
15304
14603
14648
14597
14349
14382
14030
13991
13899
13423
13966
13501
13473
13460
13333
13365
13073
12335
12506
12304
12275
12390
12234
12290
12987
13994
15094
16915
19892
22827
26481
32117
36548
40742
47027
51967
56645
60186
61842
61750
61680
59593
57328
53122
48960
43428
38319
33605
28563
23531
20015
16552
13708
11546
9785
8433
7439
6797
6336
6052
6009
5685
5782
5942
5889
5801
6216
6179
6164
6355
6306
6505
6482
6351
6564
6440
6614
6754
6726
6578
6472
6228
6151
5959
5824
5620
5441
5064
5045
4800
4676
4593
4544
4417
4234
4452
4239
4051
4073
4012
4020
3806
3825
3743
3708
3668
3590
3638
3668
3531
3516
3771
3663
3519
3562
3651
3719
3680
3594
3550
3543
3592
3554
3395
3577
3613
3547
3589
3490
3494
3536
3453
3445
3429
3352
3260
3312
3313
3342
3226
3175
3114
3177
3170
3183
3068
3177
3265
3159
3147
3178
3062
3153
3027
3199
3103
3248
3176
3152
3113
3161
3169
3366
3226
3274
3268
3391
3248
3343
3226
3208
3182
3186
3209
3302
3380
3387
3378
3393
3332
3264
3175
3272
3208
3207
3126
3188
3064
3207
3219
3267
3340
3263
3209
3375
3236
3289
3226
3269
3244
3261
3154
3189
3103
3082
3242
3083
3096
3116
3017
3119
3007
2937
2854
2796
2802
2681
2673
2701
2633
2728
2694
2737
2694
2752
2661
2772
2717
2766
2722
2883
2862
2928
2897
2980
3130
3414
3477
3636
3795
3807
3949
4162
4286
4431
4428
4344
4345
4338
4268
4252
4103
4131
4072
3896
3734
3591
3436
3374
3257
3070
2902
2742
2617
2497
2459
2313
2295
2286
2227
2223
2238
2266
2190
2166
2128
2244
2247
2164
2135
2119
2107
2150
2110
2162
2188
2224
2153
2214
2255
2254
2241
2329
2210
2172
2213
2192
2062
2079
2134
2119
2081
2046
2072
2040
2033
2109
2010
1966
2007
1923
1878
1853
1752
1812
1854
1848
1794
1798
1841
1767
1770
1845
1864
1875
1861
1781
1794
1797
1723
1778
1721
1815
1788
1846
1819
1804
1809
1810
1860
1814
1927
1792
1805
1795
1794
1749
1806
1834
1695
1785
1880
1850
1814
1860
1856
1797
1803
1837
1860
1709
1687
1666
1733
1723
1715
1669
1825
1748
1696
1766
1722
1781
1762
1822
1746
1775
1706
1754
1723
1749
1791
1731
1950
1841
1917
1872
1977
1833
1860
1905
1964
1904
1927
2022
2022
2157
2148
2248
2194
2241
2207
2161
2272
2312
2351
2264
2177
2251
2303
2221
2113
2239
2225
2217
2197
2099
2140
2266
2152
2128
2136
2131
2042
2088
1995
2025
2053
1944
2080
2007
2106
2039
2076
2067
1916
2032
1933
2017
1876
1916
1876
1856
1800
1815
1841
1853
1830
1843
1925
1813
1870
1850
1780
1878
1775
1735
1799
1832
1907
1820
1835
1891
1983
1867
2037
1999
1944
1888
1940
1877
1857
1905
1877
1847
1860
1849
1875
1859
1920
1877
1801
1943
1927
1846
1790
1809
1732
1751
1697
1728
1671
1788
1736
1766
1792
1782
1841
1845
1825
1852
1923
1891
1951
2096
1996
2094
2081
2179
2087
2166
2266
2297
2324
2472
2434
2474
2465
2395
2396
2430
2361
2310
2308
2335
2333
2294
2289
2228
2201
2166
2073
1961
1895
1869
1878
1786
1725
1784
1660
1740
1703
1690
1638
1627
1578
1540
1561
1464
1524
1529
1531
1461
1396
1462
1427
1431
1397
1404
1496
1399
1405
1427
1364
1377
1374
1375
1315
1327
1245
1251
1259
1255
1287
1238
1238
1168
1179
1113
1073
1094
1071
1033
1013
901
905
846
908
821
864
758
741
739
727
656
694
623
631
641
589
600
603
567
564
546
510
567
546
564
528
576
541
543
522
515
563
498
488
489
490
516
580
530
564
584
575
550
563
540
543
487
514
515
509
513
487
546
510
553
571
484
540
481
472
470
480
484
476
470
449
507
489
540
497
470
527
510
488
474
502
493
513
458
499
524
524
533
522
509
553
562
554
537
534
556
520
500
556
467
464
473
444
439
436
428
449
437
435
433
404
369
401
374
386
376
339
328
360
341
363
286
288
328
328
324
323
296
292
315
279
293
273
284
283
263
269
257
252
285
283
269
286
286
288
260
284
277
248
269
269
256
243
267
262
273
288
256
278
247
248
230
250
255
228
216
225
220
227
219
236
227
232
224
206
216
194
178
201
177
171
177
193
184
168
195
202
199
214
231
216
241
254
225
283
231
250
271
278
284
273
308
299
286
305
308
288
279
309
284
310
288
290
292
251
246
267
292
226
217
230
207
220
204
174
165
215
138
150
139
133
133
121
126
110
96
128
116
96
121
90
100
105
77
85
85
91
91
77
70
85
69
81
75
69
83
88
66
72
86
69
79
73
58
66
64
87
58
69
70
70
56
52
67
61
