1.932187926894922202e+04
1.879282726598337467e+04
1.913321012780092497e+04
1.892241683487006958e+04
1.886383666190995064e+04
1.876026665883584064e+04
1.900436914278725089e+04
1.910929909299119026e+04
1.881393508902963367e+04
1.915151021648085225e+04
1.917921171608931036e+04
1.903616746506687559e+04
1.888682450910293483e+04
1.913759685003841150e+04
1.884471912601682197e+04
1.895805683285543637e+04
1.905979668667635633e+04
1.895146627924628046e+04
1.875437989255106368e+04
1.881723016991364784e+04
1.893718948248330344e+04
1.927691405618430508e+04
1.902019498245850991e+04
1.892371500679629389e+04
1.886417915164538863e+04
1.933643594221874082e+04
1.921561408030044186e+04
1.912691658500217454e+04
1.913096214000678083e+04
1.881893005410347178e+04
1.881248347121708866e+04
1.901718103485865868e+04
1.901573983314495490e+04
1.890464282339306737e+04
1.905925453273087987e+04
1.890561104980695382e+04
1.899833973182015689e+04
1.889490285371425125e+04
1.855400381418602774e+04
1.904296372339089430e+04
1.909780912072893989e+04
1.890999823714817467e+04
1.898873581174988067e+04
1.908082121924744933e+04
1.910482217395512271e+04
1.917855611281207166e+04
1.898088918753817052e+04
1.899481696698231099e+04
1.914373239559983995e+04
1.904030790361783875e+04
1.893775847575524676e+04
1.897214715224735482e+04
1.901670479311330564e+04
1.877624401981979463e+04
1.892122366521228469e+04
1.878662001710422192e+04
1.903506270684441552e+04
1.905441775571823382e+04
1.906105235227135563e+04
1.898801619222573208e+04
1.899601355043667354e+04
1.876887896328286297e+04
1.893083323623958859e+04
1.896401044448221728e+04
1.903755600373862399e+04
1.896490475582665022e+04
1.900902822042801563e+04
1.906438561152339389e+04
1.877338229079958182e+04
1.900098801040276157e+04
1.898871266161624953e+04
1.885598519281964400e+04
1.922520372789216344e+04
1.903358338278793963e+04
1.908305070375760988e+04
1.895708666146531687e+04
1.926948801043467756e+04
1.891287736840675643e+04
1.912013350002087827e+04
1.907117411352097406e+04
1.871302062150425263e+04
1.875706658001105825e+04
1.889311291100430026e+04
1.890700399308313354e+04
1.912852793123214724e+04
1.895712448504113490e+04
1.913768373757166046e+04
1.892733782290296949e+04
1.882636986065007659e+04
1.897162560550346097e+04
1.901568841769572100e+04
1.908065369013226154e+04
1.924187136602342434e+04
1.899596548181074104e+04
1.930122030375512986e+04
1.899705499673949453e+04
1.879738638148151585e+04
1.899254957080594613e+04
1.914902090721047716e+04
1.901107659955563940e+04
1.903792378418684893e+04
1.907758494434227032e+04
1.892356361498987826e+04
1.899701666403783383e+04
1.893154320576084501e+04
1.886105946593882254e+04
1.897809515331627699e+04
1.886030892142713492e+04
1.900480314447202909e+04
1.902548166953771579e+04
1.910445512463911655e+04
1.897529921548875427e+04
1.928635895044307108e+04
1.903270127804293224e+04
1.908246155894509502e+04
1.906499997648657154e+04
1.901428884056903917e+04
1.909786921734280986e+04
1.891432853989713840e+04
1.888012944081868045e+04
1.890611672186890064e+04
1.879314338388226315e+04
1.880285911258805208e+04
1.902799135026294607e+04
1.880191238068209714e+04
1.910032051137683811e+04
1.894570355935046609e+04
1.898503206235427933e+04
1.920564751333025197e+04
1.881754174043708917e+04
1.905629762263760858e+04
1.912506835343837520e+04
1.907929974095138823e+04
1.883545388496794112e+04
1.907620627677945595e+04
1.918995711021493844e+04
1.905890405276984893e+04
1.900561074520403417e+04
1.922240755239279679e+04
1.894062405237681014e+04
1.920749953909890610e+04
1.919938747659821092e+04
1.908761837009144801e+04
1.907510328167549596e+04
1.898242823056183261e+04
1.881791145875861548e+04
1.921022259135685090e+04
1.897009495118164341e+04
1.892097929207426569e+04
1.884818515515801482e+04
1.894862180692879338e+04
1.891245608347681627e+04
1.907132235666280030e+04
1.912653592669603677e+04
1.904460556186282338e+04
1.905731334328484809e+04
1.917813702900957287e+04
1.894732802024162811e+04
1.918765141841961304e+04
1.879146398711685106e+04
1.896966761052963921e+04
1.898941388137163085e+04
1.901662296568957390e+04
1.890981392596599107e+04
1.918254656072224316e+04
1.894914881567081829e+04
1.882407597707950481e+04
1.930344565138314283e+04
1.890971033590544175e+04
1.889478491808341278e+04
1.900256228198015742e+04
1.921543901615349387e+04
1.909821316255902275e+04
1.910922532327484805e+04
1.904095122984467889e+04
1.904394557805779550e+04
1.905832973266782574e+04
1.916303971373849708e+04
1.879030833374583381e+04
1.916464545984701908e+04
1.923146874902855052e+04
1.878492371295102203e+04
1.912922914269549074e+04
1.915951256085149726e+04
1.901238051387449013e+04
1.878903999782573010e+04
1.905414795366199178e+04
1.919944041575641677e+04
1.912758394169241728e+04
1.903432100512368561e+04
1.896224634282035913e+04
1.913918262497309843e+04
1.945593057717582997e+04
1.983216519240343769e+04
1.965726163158768395e+04
1.997891302241395169e+04
2.043515580090426738e+04
2.048185554110110388e+04
2.115968702771523749e+04
2.172689707703076783e+04
2.255760282874623590e+04
2.315975276154167659e+04
2.461881838778355814e+04
2.538949303201460862e+04
2.689787128388560450e+04
2.844702737725300176e+04
3.031707122657811851e+04
3.237093193965176033e+04
3.453684313596877473e+04
3.735024093470806110e+04
3.940238233382603357e+04
4.205295142618634418e+04
4.521467362277385109e+04
4.787005280877357291e+04
5.104985278486059542e+04
5.405354072718134557e+04
5.707186438324318442e+04
5.976698752424005943e+04
6.181032794117047160e+04
6.417522386182219634e+04
6.611172381086168753e+04
6.756654855919607508e+04
6.838751498259017535e+04
6.958197700475227612e+04
6.909532176802009053e+04
6.935450345942252898e+04
6.797543080184351129e+04
6.696500631992441777e+04
6.517427689064843435e+04
6.271779854204541334e+04
6.063238445002285152e+04
5.796165865720921283e+04
5.456397809285268158e+04
5.140915686039631692e+04
4.785201639138628525e+04
4.486636977746806951e+04
4.153514902142988285e+04
3.788830615010311158e+04
3.456101077234595141e+04
3.165630208279853832e+04
2.845544855895637374e+04
2.560719366857776913e+04
2.290138446168625524e+04
2.102432027369977732e+04
1.874959922261493193e+04
1.692842160862927994e+04
1.537536162718069136e+04
1.379041193808615026e+04
1.258647022236686462e+04
1.155358769584427682e+04
1.074951351555206566e+04
1.000304538751310793e+04
9.257630498103741047e+03
8.784701403174616644e+03
8.387328956976352856e+03
8.008075118828994164e+03
7.903470654671557895e+03
7.603487033913424966e+03
7.445057991467106149e+03
7.425442580212351459e+03
7.154851830549344413e+03
7.303476261763301409e+03
7.177863483853951038e+03
7.162945512226072424e+03
7.091511971228610491e+03
6.982727477045806154e+03
7.066540762061725218e+03
6.984169238616980692e+03
7.084076842270913403e+03
7.039962935056285460e+03
6.788891703956566744e+03
7.220918077647261271e+03
6.912715152171250338e+03
6.968643183122974733e+03
6.926121055305056871e+03
6.949801464640491758e+03
7.028073356305273592e+03
7.145840413004631046e+03
7.075358228929262623e+03
6.924491562589324531e+03
6.967304013998238588e+03
6.864328189024761741e+03
6.858638155896072021e+03
7.058136844038202980e+03
6.962836056094913147e+03
6.976219929189201139e+03
6.998120833747558208e+03
7.018261035158262530e+03
6.943521405888031040e+03
6.923680210784628798e+03
6.944254937713100844e+03
6.983908123236360552e+03
6.809128032444159544e+03
6.921018125076124306e+03
6.797419307480398857e+03
6.857831592578303571e+03
7.137350580629388787e+03
6.926117656199810881e+03
7.008991287450163327e+03
7.087096711009944556e+03
7.047214102598187310e+03
7.057612739701695318e+03
7.025384340124212031e+03
7.036808020690159537e+03
7.053557309025892209e+03
7.065336225225989438e+03
7.018949506376889076e+03
6.991000365913802852e+03
7.145917837278827392e+03
6.971203088927357385e+03
6.954944107132442696e+03
7.138314721598188044e+03
6.857854095436088755e+03
6.956763670753772203e+03
6.973251436236596419e+03
6.961223102753999228e+03
6.847525432581584028e+03
7.102054113094369313e+03
6.928166652572765088e+03
6.931098531570231899e+03
6.962796238067153354e+03
7.127321097145592830e+03
7.133580058557890879e+03
7.019383527974659955e+03
6.905934032515638137e+03
6.955870946639448448e+03
6.991261666965141558e+03
6.964998555124604536e+03
6.971392954455352992e+03
7.177110763459938426e+03
6.964561572720472213e+03
7.061700349985672801e+03
7.077753976420392064e+03
6.928184520340646486e+03
7.095704359332971762e+03
7.066971181145958326e+03
6.977265350349529399e+03
6.928639202602030309e+03
7.023407390947074418e+03
7.024072309508732360e+03
7.042579259486097726e+03
6.967407751028425082e+03
6.937700940111294585e+03
6.880060985132092355e+03
7.075353891448573449e+03
6.907866413407902655e+03
7.135371007622105935e+03
7.000468410655087609e+03
7.075191904617616274e+03
7.032825850614140109e+03
6.865615144392754701e+03
6.946539776373509994e+03
7.032635307960053069e+03
7.250356153402387463e+03
6.982428304481261875e+03
7.143658705926763105e+03
7.014966949354701683e+03
6.972071012045924363e+03
7.025481965190238043e+03
7.069068090822339400e+03
7.014339299689937434e+03
6.978186521616450591e+03
7.001948922488466451e+03
7.047814065524583384e+03
6.860124684108044676e+03
7.046594197844016890e+03
7.001930072171457141e+03
7.215840357475939527e+03
6.996835476317758548e+03
6.998630278235562400e+03
7.045310441073898801e+03
7.064131809551544393e+03
7.011031691004655841e+03
7.004994813466008964e+03
7.012197667543531679e+03
6.954041077523762397e+03
6.868465996242630354e+03
7.123692847579144654e+03
7.022334766936902270e+03
7.067871695174054366e+03
7.014878719607631865e+03
7.090004611708209268e+03
7.013238748295942969e+03
7.051197237880926878e+03
7.009809670043337974e+03
6.850024732680257330e+03
7.083152808589177766e+03
6.911554230863568591e+03
7.196743354293851553e+03
7.045141221527100242e+03
7.048169885488569889e+03
7.000987688216649985e+03
7.089099529525122307e+03
6.964547157396256807e+03
7.056759965038104383e+03
6.949708921964596811e+03
6.985982615118264221e+03
6.976092900341312088e+03
6.989826114645761663e+03
6.796953299335129486e+03
6.942895405445365213e+03
7.027744506765757251e+03
6.982931643656733286e+03
7.063605578925142254e+03
6.963214330552860702e+03
6.889441170324254017e+03
7.034862558636032190e+03
6.997717843167732099e+03
6.974454898811844942e+03
6.989672367479447530e+03
7.090672821667819335e+03
7.048510302128017429e+03
6.990523503465991780e+03
7.065236118165608787e+03
6.850129798008058060e+03
7.059083205416344754e+03
7.058904352375129747e+03
6.899494689590897906e+03
7.099808936234144312e+03
7.007802679692998936e+03
7.003610171328367869e+03
6.970306470759439435e+03
6.948085116795281465e+03
6.978031751861194607e+03
6.868821775105478082e+03
6.868550021129930428e+03
7.161842378255600124e+03
6.858049236927228776e+03
7.022778236536273653e+03
6.913063014603276315e+03
7.035733248849044685e+03
6.982511675930930323e+03
7.049803079705407981e+03
7.043988011634960458e+03
7.092736129847198754e+03
7.192675132069623032e+03
7.019782923201592894e+03
7.059004866358865911e+03
6.949165112049907293e+03
6.869411979047816203e+03
7.082134935758504980e+03
6.993422945911320312e+03
6.954641553574482714e+03
6.997717501557780452e+03
6.984290180517350564e+03
6.936329922866243578e+03
6.929306860592857447e+03
7.120459713726846530e+03
6.730319093923805667e+03
7.090259377121349644e+03
6.869479093611664211e+03
6.933147897722165908e+03
7.099723391455049750e+03
7.096590693587525493e+03
7.043806988809194081e+03
6.872775620170467846e+03
6.911145564625049701e+03
6.975835847608821496e+03
6.931970561411088056e+03
6.945135777680813590e+03
6.830870533593164510e+03
6.847247971063705336e+03
6.882984452963110016e+03
6.907859593500698793e+03
6.947512217249023706e+03
6.958747068735073299e+03
7.044152901206603929e+03
6.979602242216528794e+03
6.932802443675246650e+03
7.124219886653689173e+03
7.011743325235808697e+03
7.065091839839668864e+03
6.988573191829991629e+03
7.073600939873331299e+03
7.273163539168810530e+03
7.095617159662668200e+03
7.192123480569553067e+03
7.163790756858433269e+03
7.073505478783808940e+03
7.037362728599033289e+03
7.107088194492555886e+03
6.952835928982866790e+03
6.912567906230854533e+03
7.030493845822285948e+03
6.962006738605653481e+03
6.907341527325432253e+03
7.097332133427786175e+03
6.989189295847500034e+03
6.910071727837983417e+03
7.022746934722549668e+03
7.035669861942845273e+03
6.884150675152852273e+03
7.112783815570809566e+03
7.076807750425854465e+03
6.887730186394815973e+03
6.918366541536235673e+03
7.033453550089913733e+03
6.949002493771065019e+03
7.080067335456772526e+03
6.957363778281902341e+03
6.928064633890893674e+03
7.118719074540756992e+03
6.820353463850145090e+03
6.999782585414222922e+03
7.020141638463778690e+03
7.183611939118963164e+03
7.020022334638166285e+03
6.983496304741003769e+03
7.005324412518560166e+03
7.211996464251636098e+03
6.820484811668389739e+03
6.929493134691358136e+03
6.890721214464424520e+03
7.117645519596516351e+03
7.058423531869349063e+03
7.022438119726519290e+03
7.110986850048959241e+03
7.010272411888753595e+03
6.938853743591154853e+03
7.069754505595274168e+03
7.055728452122286399e+03
6.962542129031101467e+03
7.067313803372561779e+03
7.060343113431596066e+03
6.797694897882096484e+03
7.020545001924619100e+03
7.017136732921136172e+03
6.998933283894485612e+03
7.030898591235228196e+03
6.874306087447549544e+03
6.986422427570269974e+03
7.014557017808657292e+03
6.922372899743684684e+03
7.146362275770906308e+03
7.163455686198315561e+03
7.029982168795057078e+03
7.009332488381985058e+03
7.019864779666499999e+03
6.928111908794903684e+03
6.989625823042928459e+03
7.165262384838437356e+03
6.931821721859436366e+03
7.053411958515628612e+03
7.109764194179553670e+03
6.938932024337028452e+03
6.927072443726459824e+03
6.877937321935289219e+03
6.947903956067876607e+03
7.070453809475477101e+03
7.037325793217088176e+03
7.122023581750660924e+03
7.083027451152099275e+03
6.952773768412523168e+03
6.972172192950425597e+03
7.049772779443869695e+03
6.818884991832725063e+03
6.915384722287984914e+03
7.020210347313124657e+03
6.935934247171463539e+03
6.951800408786010848e+03
6.957903634617096031e+03
6.835891577501408392e+03
6.898421437189227618e+03
6.824169898356775775e+03
6.935669744526458999e+03
7.127032729335502154e+03
7.004977961973927449e+03
6.955617287161626336e+03
6.901344882301264988e+03
7.062072999364194402e+03
7.033274834265119352e+03
6.892911777306128897e+03
6.972441100961621487e+03
6.921029764470415103e+03
7.086518759692922686e+03
6.928340012567632584e+03
7.003524064496930805e+03
6.937565382021000005e+03
6.981618552350678328e+03
7.100154007912507041e+03
7.039072123526981159e+03
6.970739338831360328e+03
7.177031002507369521e+03
7.050153412892316737e+03
6.961869742563003456e+03
7.032150411330565476e+03
6.886744987738305099e+03
7.108261715174899109e+03
6.986641798627214484e+03
7.010600280681544064e+03
7.144878721945659890e+03
6.992125450707158961e+03
7.056493179264670289e+03
7.023799912729756215e+03
7.150978500972869369e+03
7.152651974011592756e+03
6.939759111075285546e+03
6.945598758630800148e+03
6.954938484705486189e+03
7.069996531940349087e+03
7.066782133560815964e+03
6.954377936517480521e+03
6.919880243542084827e+03
6.909545456257020305e+03
6.921659324791854488e+03
7.032557630908867395e+03
6.831940956598959929e+03
6.934600207441707425e+03
6.989365754706712323e+03
7.005751722313448226e+03
7.032184692477198951e+03
7.014212860087187437e+03
7.066625642191726911e+03
6.934341167310392848e+03
7.074080859359787610e+03
6.954422424892213712e+03
7.156371387156336823e+03
7.108815551493798921e+03
7.123328490775449609e+03
7.039272580580102840e+03
7.011537541125995631e+03
6.933810249104900322e+03
6.892383586494494011e+03
6.945470689709428370e+03
6.906147899718389453e+03
6.958262263537829313e+03
6.995064599193286085e+03
6.932003849567301586e+03
6.892787260493341819e+03
7.069881339349372865e+03
6.926216041952628984e+03
6.927072792539648617e+03
7.010026260696959980e+03
6.926875775872245868e+03
7.051915078891534904e+03
6.987508707776190931e+03
6.940782461705036440e+03
7.082810976523118370e+03
7.078284167350385360e+03
6.983164944099588865e+03
7.144087304979926557e+03
6.918373991937669416e+03
7.092547648348323492e+03
6.902686850608580244e+03
6.931609872904672557e+03
7.023799168961874784e+03
6.867433702719699795e+03
6.942279251305135404e+03
7.006699204667406775e+03
6.891891791391881270e+03
7.036220159213900843e+03
6.790620920426322300e+03
7.226327065855293768e+03
6.978352988624554200e+03
6.954976715920422066e+03
7.023713817335135900e+03
7.143607793986916477e+03
6.942481482702287394e+03
7.048816748699700838e+03
7.116056223772297926e+03
7.009227534914606622e+03
6.949398055416892021e+03
6.944053526051482550e+03
6.964394827174764941e+03
7.033929463047255012e+03
6.950066349297714623e+03
6.931540599687253234e+03
6.954964156667833777e+03
7.005663340383817740e+03
6.979115237860416528e+03
7.079002381442444857e+03
6.878050042970433424e+03
7.006452014659205815e+03
7.096332493117783997e+03
6.852038004604470188e+03
6.962663631884382994e+03
6.911746673209138862e+03
7.186549597555821492e+03
7.034947976647095857e+03
7.029479294901509093e+03
6.950413188364938833e+03
6.938127122044438693e+03
7.165288849509376632e+03
7.071675131785369558e+03
6.970818499906707075e+03
6.987525101982942942e+03
7.232111628139214190e+03
7.104131927536754120e+03
6.860383218832912462e+03
6.886111342760233129e+03
6.993606791310293374e+03
6.811646455583198076e+03
7.106867077326696744e+03
7.030682928049310249e+03
7.046776805052791133e+03
7.081098639217577329e+03
7.106233273318851388e+03
7.020469308389328944e+03
7.216364950128676355e+03
7.063741186148247834e+03
7.000100728242898185e+03
7.056737742686561432e+03
6.853608899697631387e+03
6.968797760059889697e+03
7.050028347938795378e+03
7.037029745223568170e+03
6.887548343243123782e+03
6.925956398169143540e+03
6.979630969216022095e+03
7.180494624960178044e+03
6.902973711862141499e+03
7.127219341631555835e+03
7.190539404183582519e+03
7.082767915319886924e+03
6.972086074985966661e+03
7.118010310862791812e+03
6.856120353113509736e+03
7.136679367301765524e+03
6.962858377282611400e+03
7.105668140041728293e+03
6.889525148720924335e+03
6.990783337244847644e+03
6.949497221387125137e+03
6.967519553156595066e+03
7.032443328036016283e+03
7.078410397866718085e+03
7.035753504190677631e+03
6.958996236523945299e+03
6.870520039481140884e+03
6.919184984969483594e+03
7.129526879488333179e+03
7.059256441993647968e+03
6.953894915866709198e+03
6.932942900560487942e+03
7.044415640086706844e+03
6.983299834076362458e+03
7.055383804543494989e+03
7.031669535022184391e+03
7.037515200784471745e+03
6.936317760507752610e+03
6.867439223425120872e+03
6.929249620440948092e+03
7.057035151595428943e+03
6.955224556865763589e+03
7.018090965876872360e+03
6.850931276968185557e+03
7.001603593778261711e+03
7.091400795896379350e+03
6.850985101057390239e+03
7.132110315087163144e+03
6.888696469369849183e+03
6.918730703434870520e+03
6.958123845450615590e+03
7.046700096851196577e+03
7.080623714873071549e+03
7.187834528646715626e+03
7.098648751927232297e+03
6.938705586463686814e+03
6.982452991498117626e+03
7.065360581488966091e+03
6.921284222783460791e+03
7.026583306339355659e+03
7.045861622117476145e+03
6.962659032962231322e+03
6.947186880634430054e+03
6.873104842430740973e+03
7.005614560712337152e+03
7.097281769979542332e+03
7.038013796640777400e+03
7.007068395311941458e+03
7.113641340543556908e+03
6.956081927275298767e+03
6.973318063358812651e+03
6.955591974592271072e+03
6.970259871807950731e+03
6.955569619422091819e+03
7.116343090274252972e+03
7.057483381987777648e+03
7.139895897244519801e+03
6.967282250614321129e+03
7.128665668585831554e+03
7.175193941745709708e+03
7.014760003124017203e+03
6.952307604041336162e+03
6.899123187525980939e+03
6.937625500924470543e+03
7.006795734366923170e+03
7.060494920806874688e+03
6.959145863373928478e+03
7.096311363907795567e+03
6.947758898280832909e+03
6.905888043799356637e+03
6.872432600553637712e+03
6.930102549363134131e+03
6.941772948480214836e+03
7.044773256838613634e+03
7.009027318067892338e+03
6.933334516376447937e+03
6.945750852659728480e+03
7.065419435615787734e+03
7.106659920355413306e+03
6.895565097858824629e+03
7.082416747931678401e+03
6.922685935330671782e+03
6.823329085473364103e+03
7.021098430398214077e+03
6.953063201460679011e+03
6.790214119329722052e+03
6.879982881204779915e+03
7.068863626709156961e+03
7.083407367813983910e+03
7.016300488748759562e+03
6.905907432892039651e+03
7.050885540867062446e+03
6.874272857396929794e+03
6.920233030272979704e+03
6.960316594057836483e+03
6.982545607629393089e+03
7.121546791870304332e+03
6.999987348085898702e+03
6.915410110873252052e+03
6.944495211297805326e+03
7.043990342742021312e+03
6.813089214161698692e+03
6.884576430505758253e+03
6.961202990300546844e+03
7.142052211704863112e+03
6.958269533237137694e+03
7.210579836700921987e+03
7.028395872593876447e+03
6.940149818419806252e+03
7.077888491676922058e+03
7.032064230557518385e+03
7.015327582501300640e+03
7.053654137382396584e+03
6.979669156306396872e+03
7.041914966344753338e+03
6.961354341507796562e+03
6.983487357932496707e+03
6.998672816277897255e+03
7.000476378056540852e+03
6.858321346333914335e+03
7.025177923115401427e+03
6.919096518547610685e+03
7.048740728827509884e+03
6.936781157553934463e+03
6.978810639396322586e+03
7.114356864504796249e+03
6.951763889955415834e+03
6.915342414060311057e+03
7.172227655444543416e+03
6.950577234565611434e+03
6.814047399368952938e+03
7.002220637361302579e+03
7.139278629020386688e+03
7.026444661893015109e+03
6.975551620640212604e+03
7.060043995626985634e+03
7.059767632558990954e+03
7.009457044719226360e+03
7.081097498470201572e+03
6.941147029105772162e+03
7.011819018117314954e+03
6.988635493247244995e+03
6.914155167325809089e+03
6.997984645329805971e+03
7.004251037571932102e+03
6.866438041182616871e+03
7.042558036465536134e+03
7.041488088696513842e+03
6.920234269350770774e+03
6.942018255658368616e+03
6.961386226655671635e+03
6.978560062861700317e+03
7.070941386679991410e+03
6.848088072111309884e+03
7.020436608106511812e+03
7.144086941274479614e+03
6.961381439702348871e+03
6.982117791090186984e+03
6.843621480990846067e+03
7.093593753751497388e+03
6.914264389552607099e+03
7.020957078330705372e+03
7.000431606509661833e+03
7.025441861755942227e+03
7.092184769076021439e+03
6.988768116599434506e+03
6.955662285300782059e+03
6.976370838216089396e+03
6.967177274254483564e+03
7.074342223859950536e+03
7.020727049252564939e+03
6.939384574106202308e+03
6.914995094429029450e+03
7.010401711989105934e+03
7.114505913706484534e+03
7.100289831014603806e+03
6.939780521341542226e+03
7.015493340042057753e+03
7.078663354520112080e+03
6.960974952166684488e+03
6.808121313185756662e+03
7.044735486022343139e+03
6.960547323061614406e+03
6.935351002170146785e+03
6.946054904316488319e+03
6.819751459132674427e+03
7.049106519090592883e+03
6.901205895604484795e+03
7.134761182970823029e+03
6.968434461258595547e+03
6.844171592838402830e+03
6.983491310741782399e+03
6.963614860184758072e+03
6.860426197582857640e+03
6.967591100419685972e+03
7.013231101853908513e+03
6.980387594183312103e+03
6.909042950430706696e+03
6.969969512324545576e+03
6.971218468233378189e+03
6.959743376159334730e+03
6.974933338000447293e+03
7.145173876037797527e+03
7.147854490593016635e+03
7.186223383079452105e+03
6.931903021475828609e+03
7.145224485201300922e+03
7.063888210999741204e+03
6.907693617829060713e+03
7.025162233201022900e+03
7.016029548165326560e+03
7.083689660676143831e+03
6.946389995280203038e+03
6.987233140251215445e+03
6.979691078660594940e+03
6.955661093803531003e+03
7.088444445689758140e+03
7.014335490017372649e+03
7.023235047026621032e+03
6.866643639440268089e+03
6.981643010697056525e+03
7.003902467556662486e+03
6.930051915957917117e+03
7.132403430941832084e+03
7.042564119231088625e+03
6.916862201364218890e+03
6.939933055546228388e+03
6.893743027425605760e+03
6.976586744828779047e+03
6.848527183142300601e+03
6.914631025453882103e+03
7.031264275742918471e+03
7.180435488144481496e+03
6.992080163267140051e+03
6.906898864152410169e+03
6.964688229285002308e+03
7.005251780402507393e+03
7.029931957373243677e+03
7.049409758711066388e+03
6.961891232639148257e+03
7.067743345671568022e+03
6.912345541924543795e+03
6.984594873129096413e+03
6.853633992116997433e+03
6.952894492229191201e+03
6.908238737241228591e+03
6.990378904197973498e+03
6.834409662394165935e+03
7.011573434728796201e+03
7.022393792020366163e+03
7.019133098121234070e+03
6.990164592122335307e+03
6.975904143003924219e+03
6.937476529261498399e+03
7.016413931315019909e+03
6.995378243091108743e+03
7.033976146479394629e+03
7.001173269691068526e+03
7.057681425564382153e+03
6.962883728417047678e+03
7.086862128054830464e+03
6.892986418365647296e+03
6.908287785341480230e+03
6.986989296948461742e+03
6.906436522559415607e+03
7.088606977935399300e+03
7.032838781237269359e+03
6.925336652608136319e+03
7.103992317834809000e+03
7.038927835802627669e+03
6.969473777406757108e+03
7.010713053796254826e+03
7.041370538328895236e+03
6.976312794319184832e+03
6.963878021414664545e+03
6.941348675210968395e+03
7.010356022575533643e+03
7.011654589029112685e+03
7.041299907097091818e+03
6.991048934565671516e+03
7.007444893540686280e+03
7.009275793146572141e+03
6.902640285790872440e+03
6.983876390150864609e+03
6.997571188416323821e+03
6.893325320622801883e+03
6.955507135725776607e+03
7.126872957146241788e+03
7.001684187686931182e+03
7.062551904531801483e+03
7.105957176771013110e+03
6.926577006181386423e+03
6.938936538399332676e+03
7.089225583842261585e+03
7.109968324854842649e+03
7.035574776269191716e+03
7.018594833498607841e+03
6.957887186704389933e+03
7.082794339129233776e+03
7.095163814526496026e+03
6.927390620997782207e+03
6.990575218795116598e+03
