1.277987421384478269e-03
1.128960517120976975e-02
2.130118798043408035e-02
3.131273584905741592e-02
4.132424877707976951e-02
5.133572676450115502e-02
6.134716981132154467e-02
7.135857791754096624e-02
8.136995108315940584e-02
9.138128930817687734e-02
1.013925925925933669e-01
1.114038609364088606e-01
1.214150943396234000e-01
1.314262928022369714e-01
1.414374563242495331e-01
1.514485849056611544e-01
1.614596785464717521e-01
1.714707372466813817e-01
1.814817610062900433e-01
1.914927498252977089e-01
2.015037037037044343e-01
2.115146226415101638e-01
2.215255066387148974e-01
2.315363556953186630e-01
2.415471698113214605e-01
2.515579489867232343e-01
2.615686932215240956e-01
2.715794025157239333e-01
2.815900768693228029e-01
2.916007162823206489e-01
3.016113207547176378e-01
3.116218902865135476e-01
3.216324248777085448e-01
3.316429245283025184e-01
3.416533892382954685e-01
3.516638190076875614e-01
3.616742138364786308e-01
3.716845737246686765e-01
3.816948986722577541e-01
3.917051886792458637e-01
4.017154437456330607e-01
4.117256638714191785e-01
4.217358490566043283e-01
4.317459993011885655e-01
4.417561146051717791e-01
4.517661949685539691e-01
4.617762403913353020e-01
4.717862508735155558e-01
4.817962264150948970e-01
4.918061670160732146e-01
5.018160726764506752e-01
5.118259433962270011e-01
5.218357791754023589e-01
5.318455800139767486e-01
5.418553459119502813e-01
5.518650768693227349e-01
5.618747728860941093e-01
5.718844339622647377e-01
5.818940600978341759e-01
5.919036512928027571e-01
6.019132075471703702e-01
6.119227288609369042e-01
6.219322152341025811e-01
6.319416666666671789e-01
6.419510831586308086e-01
6.519604647099935812e-01
6.619698113207551637e-01
6.719791229909160002e-01
6.819883997204756465e-01
6.919976415094344357e-01
7.020068483577922569e-01
7.120160202655489989e-01
7.220251572327048839e-01
7.320342592592596898e-01
7.420433263452136385e-01
7.520523584905665082e-01
7.620613556953184098e-01
7.720703179594693433e-01
7.820792452830193087e-01
7.920881376659683060e-01
8.020969951083163352e-01
8.121058176100632853e-01
8.221146051712093783e-01
8.321233577917543922e-01
8.421320754716985491e-01
8.521407582110416268e-01
8.621494060097837364e-01
8.721580188679249890e-01
8.821665967854650514e-01
8.921751397624042568e-01
9.021836477987424940e-01
9.121921208944797632e-01
9.222005590496160643e-01
9.322089622641512863e-01
9.422173305380856512e-01
9.522256638714189370e-01
9.622339622641512547e-01
9.722422257162827153e-01
9.822504542278129858e-01
9.922586477987425102e-01
1.002266806429070956e+00
1.012274930118798100e+00
1.022283018867924609e+00
1.032291072676450261e+00
1.042299091544374834e+00
1.052307075471698328e+00
1.062315024458420742e+00
1.072322938504542300e+00
1.082330817610063001e+00
1.092338661774982844e+00
1.102346470999301387e+00
1.112354245283018850e+00
1.122361984626135678e+00
1.132369689028651427e+00
1.142377358490566319e+00
1.152384993011880132e+00
1.162392592592592644e+00
1.172400157232704521e+00
1.182407686932215318e+00
1.192415181691125259e+00
1.202422641509434120e+00
1.212430066387141903e+00
1.222437456324248828e+00
1.232444811320754896e+00
1.242452131376659885e+00
1.252459416491963795e+00
1.262466666666666626e+00
1.272473881900768822e+00
1.282481062194269938e+00
1.292488207547169976e+00
1.302495317959469157e+00
1.312502393431167036e+00
1.322509433962264280e+00
1.332516439552760446e+00
1.342523410202655532e+00
1.352530345911949761e+00
1.362537246680642911e+00
1.372544112508735203e+00
1.382550943396226417e+00
1.392557739343116774e+00
1.402564500349406051e+00
1.412571226415094250e+00
1.422577917540181591e+00
1.432584573724668076e+00
1.442591194968553481e+00
1.452597781271838029e+00
1.462604332634521276e+00
1.472610849056603666e+00
1.482617330538085199e+00
1.492623777078965874e+00
1.502630188679245471e+00
1.512636565338923766e+00
1.522642907058001427e+00
1.532649213836478008e+00
1.542655485674353733e+00
1.552661722571628378e+00
1.562667924528301722e+00
1.572674091544374431e+00
1.582680223619846283e+00
1.592686320754717055e+00
1.602692382948986749e+00
1.612698410202655364e+00
1.622704402515723121e+00
1.632710359888190021e+00
1.642716282320055843e+00
1.652722169811320585e+00
1.662728022361984470e+00
1.672733839972047498e+00
1.682739622641509447e+00
1.692745370370370317e+00
1.702751083158630108e+00
1.712756761006289263e+00
1.722762403913347118e+00
1.732768011879804337e+00
1.742773584905660256e+00
1.752779122990915317e+00
1.762784626135569299e+00
1.772790094339622424e+00
1.782795527603074692e+00
1.792800925925925881e+00
1.802806289308175769e+00
1.812811617749825022e+00
1.822816911250873417e+00
1.832822169811320734e+00
1.842827393431166971e+00
1.852832582110412130e+00
1.862837735849056431e+00
1.872842854647099875e+00
1.882847938504542240e+00
1.892852987421383526e+00
1.902858001397623733e+00
1.912862980433263305e+00
1.922867924528301797e+00
1.932872833682739211e+00
1.942877707896575767e+00
1.952882547169811023e+00
1.962887351502445643e+00
1.972892120894479184e+00
1.982896855345911868e+00
1.992901554856743473e+00
2.002906219426974221e+00
2.012910849056603890e+00
2.022915443745632036e+00
2.032920003494059991e+00
2.042924528301886866e+00
2.052929018169112219e+00
2.062933473095737380e+00
2.072937893081761018e+00
2.082942278127184021e+00
2.092946628232005502e+00
2.102950943396226346e+00
2.112955223619846556e+00
2.122959468902864799e+00
2.132963679245282851e+00
2.142967854647099823e+00
2.152971995108315717e+00
2.162976100628930975e+00
2.172980171208944711e+00
2.182984206848357811e+00
2.192988207547169832e+00
2.202992173305380774e+00
2.212996104122991081e+00
2.222999999999999865e+00
2.233003860936408014e+00
2.243007686932215083e+00
2.253011477987421074e+00
2.263015234102026429e+00
2.273018955276030706e+00
2.283022641509433903e+00
2.293026292802236021e+00
2.303029909154437505e+00
2.313033490566037909e+00
2.323037037037036789e+00
2.333040548567435035e+00
2.343044025157232646e+00
2.353047466806428734e+00
2.363050873515024186e+00
2.373054245283019004e+00
2.383057582110412298e+00
2.393060883997204957e+00
2.403064150943396093e+00
2.413067382948987039e+00
2.423070580013976016e+00
2.433073742138364359e+00
2.443076869322152067e+00
2.453079961565338696e+00
2.463083018867924245e+00
2.473086041229909160e+00
2.483089028651292551e+00
2.493091981132075308e+00
2.503094898672256985e+00
2.513097781271838027e+00
2.523100628930817102e+00
2.533103441649195986e+00
2.543106219426973791e+00
2.553108962264150961e+00
2.563111670160726607e+00
2.573114343116701619e+00
2.583116981132075551e+00
2.593119584206848405e+00
2.603122152341020179e+00
2.613124685534590874e+00
2.623127183787560934e+00
2.633129647099929915e+00
2.643132075471697817e+00
2.653134468902865084e+00
2.663136827393430828e+00
2.673139150943395936e+00
2.683141439552760410e+00
2.693143693221523360e+00
2.703145911949685676e+00
2.713148095737246468e+00
2.723150244584206625e+00
2.733152358490565703e+00
2.743154437456324146e+00
2.753156481481481066e+00
2.763158490566037351e+00
2.773160464709993001e+00
2.783162403913347127e+00
2.793164308176100619e+00
2.803166177498253031e+00
2.813168011879803920e+00
2.823169811320754174e+00
2.833171575821103794e+00
2.843173305380852334e+00
2.853174999999999795e+00
2.863176659678546176e+00
2.873178284416491923e+00
2.883179874213836147e+00
2.893181429070579735e+00
2.903182948986722689e+00
2.913184433962263675e+00
2.923185883997204471e+00
2.933187299091544187e+00
2.943188679245282824e+00
2.953190024458420382e+00
2.963191334730957305e+00
2.973192610062892705e+00
2.983193850454227469e+00
2.993195055904961599e+00
3.003196226415094205e+00
3.013197361984625733e+00
3.023198462613556625e+00
3.033199528301886438e+00
3.043200559049615173e+00
3.053201554856743272e+00
3.063202515723270292e+00
3.073203441649196233e+00
3.083204332634521094e+00
3.093205188679245321e+00
3.103206009783368025e+00
3.113206795946889649e+00
3.123207547169811082e+00
3.133208263452130993e+00
3.143208944793850268e+00
3.153209591194968464e+00
3.163210202655485581e+00
3.173210779175401619e+00
3.183211320754717022e+00
3.193211827393430902e+00
3.203212299091544146e+00
3.213212735849056312e+00
3.223213137665967398e+00
3.233213504542277850e+00
3.243213836477987222e+00
3.253214133473095515e+00
3.263214395527602729e+00
3.273214622641509308e+00
3.283214814814814808e+00
3.293214972047519229e+00
3.303215094339622127e+00
3.313215181691124389e+00
3.323215234102026017e+00
3.333215251572326565e+00
3.343215234102026034e+00
3.353215181691124869e+00
3.363215094339622180e+00
3.373214972047518856e+00
3.383214814814814453e+00
3.393214622641509415e+00
3.403214395527602409e+00
3.413214133473095213e+00
3.423213836477986938e+00
3.433213504542277583e+00
3.443213137665967594e+00
3.453212735849056081e+00
3.463212299091543933e+00
3.473211827393430706e+00
3.483211320754716844e+00
3.493210779175401459e+00
3.503210202655484995e+00
3.513209591194967896e+00
3.523208944793850161e+00
3.533208263452130904e+00
3.543207547169811011e+00
3.553206795946890040e+00
3.563206009783367989e+00
3.573205188679244859e+00
3.583204332634521094e+00
3.593203441649196250e+00
3.603202515723269883e+00
3.613201554856742881e+00
3.623200559049615244e+00
3.633199528301886527e+00
3.643198462613556732e+00
3.653197361984625857e+00
3.663196226415093903e+00
3.673195055904961315e+00
3.683193850454227647e+00
3.693192610062892900e+00
3.703191334730956630e+00
3.713190024458420169e+00
3.723188679245282628e+00
3.733187299091544009e+00
3.743185883997204311e+00
3.753184433962263977e+00
3.763182948986722121e+00
3.773181429070579629e+00
3.783179874213836058e+00
3.793178284416491852e+00
3.803176659678545679e+00
3.813174999999999315e+00
3.823173305380851872e+00
3.833171575821103794e+00
3.843169811320754192e+00
3.853168011879803956e+00
3.863166177498252640e+00
3.873164308176100246e+00
3.883162403913347216e+00
3.893160464709992219e+00
3.903158490566037031e+00
3.913156481481480764e+00
3.923154437456323862e+00
3.933152358490565437e+00
3.943150244584206376e+00
3.953148095737246237e+00
3.963145911949685019e+00
3.973143693221523165e+00
3.983141439552760232e+00
3.993139150943395776e+00
4.003136827393430686e+00
4.013134468902864960e+00
4.023132075471697711e+00
4.033129647099929826e+00
4.043127183787560419e+00
4.053124685534590377e+00
4.063122152341019699e+00
4.073119584206847499e+00
4.083116981132074663e+00
4.093114343116701193e+00
4.103111670160726199e+00
4.113108962264150570e+00
4.123106219426973418e+00
4.133103441649195631e+00
4.143100628930817209e+00
4.153097781271837263e+00
4.163094898672256683e+00
4.173091981132075468e+00
4.183089028651292729e+00
4.193086041229909355e+00
4.203083018867924459e+00
4.213079961565338927e+00
4.223076869322151872e+00
4.233073742138365070e+00
4.243070580013974968e+00
4.253067382948986008e+00
4.263064150943395525e+00
4.273060883997204407e+00
4.283057582110411765e+00
4.293054245283018489e+00
4.303050873515023689e+00
4.313047466806428254e+00
4.323044025157232184e+00
4.333040548567434591e+00
4.343037037037036363e+00
4.353033490566037500e+00
4.363029909154437114e+00
4.373026292802236092e+00
4.383022641509433548e+00
4.393018955276030368e+00
4.403015234102026554e+00
4.413011477987421216e+00
4.423007686932215243e+00
4.433003860936407747e+00
4.442999999999998728e+00
4.452996104122989962e+00
4.462992173305379673e+00
4.472988207547168749e+00
4.482984206848357189e+00
4.492980171208944107e+00
4.502976100628930389e+00
4.512971995108315149e+00
4.522967854647099273e+00
4.532963679245282762e+00
4.542959468902864728e+00
4.552955223619846059e+00
4.562950943396225867e+00
4.572946628232005040e+00
4.582942278127183577e+00
4.592937893081760592e+00
4.602933473095736971e+00
4.612929018169112716e+00
4.622924528301886937e+00
4.632920003494059635e+00
4.642915443745631698e+00
4.652910849056603126e+00
4.662906219426973031e+00
4.672901554856743189e+00
4.682896855345910936e+00
4.692892120894478936e+00
4.702887351502445412e+00
4.712882547169810366e+00
4.722877707896575572e+00
4.732872833682739255e+00
4.742867924528301415e+00
4.752862980433262940e+00
4.762858001397623831e+00
4.772852987421383197e+00
4.782847938504541929e+00
4.792842854647100026e+00
4.802837735849056600e+00
4.812832582110412538e+00
4.822827393431166954e+00
4.832822169811319846e+00
4.842816911250872991e+00
4.852811617749824613e+00
4.862806289308175600e+00
4.872800925925925064e+00
4.882795527603073893e+00
4.892790094339622087e+00
4.902784626135568757e+00
4.912779122990914793e+00
4.922773584905660194e+00
4.932768011879804071e+00
4.942762403913347313e+00
4.952756761006289032e+00
4.962751083158630117e+00
4.972745370370370566e+00
4.982739622641509492e+00
4.992733839972047782e+00
5.002728022361984550e+00
5.012722169811320683e+00
5.022716282320056180e+00
5.032710359888189267e+00
5.042704402515722606e+00
5.052698410202654422e+00
5.062692382948985603e+00
5.072686320754716149e+00
5.082680223619846061e+00
5.092674091544373560e+00
5.102667924528301313e+00
5.112661722571627543e+00
5.122655485674353137e+00
5.132649213836477209e+00
5.142642907058000645e+00
5.152636565338923447e+00
5.162630188679244725e+00
5.172623777078965368e+00
5.182617330538085376e+00
5.192610849056603861e+00
5.202604332634520823e+00
5.212597781271838038e+00
5.222591194968552841e+00
5.232584573724667010e+00
5.242577917540180543e+00
5.252571226415093442e+00
5.262564500349405705e+00
5.272557739343116445e+00
5.282550943396225662e+00
5.292544112508734244e+00
5.302537246680642191e+00
5.312530345911949503e+00
5.322523410202655292e+00
5.332516439552759557e+00
5.342509433962264076e+00
5.352502393431167071e+00
5.362495317959468544e+00
5.372488207547169381e+00
5.382481062194269583e+00
5.392473881900768262e+00
5.402466666666666306e+00
5.412459416491963715e+00
5.422452131376658713e+00
5.432444811320753963e+00
5.442437456324247691e+00
5.452430066387140783e+00
5.462422641509433241e+00
5.472415181691124175e+00
5.482407686932214474e+00
5.492400157232704139e+00
5.502392592592592280e+00
5.512384993011879786e+00
5.522377358490565769e+00
5.532369689028651116e+00
5.542361984626134941e+00
5.552354245283019019e+00
5.562346470999300685e+00
5.572338661774982604e+00
5.582330817610063001e+00
5.592322938504541874e+00
5.602315024458421000e+00
5.612307075471697715e+00
5.622299091544373795e+00
5.632291072676449240e+00
5.642283018867924049e+00
5.652274930118797336e+00
5.662266806429069987e+00
5.672258647798742004e+00
5.682250454227812497e+00
5.692242225716281467e+00
5.702233962264150691e+00
5.712225663871418391e+00
5.722217330538084568e+00
5.732208962264150998e+00
5.742200559049615016e+00
5.752192120894479288e+00
5.762183647798742037e+00
5.772175139762404150e+00
5.782166596785464741e+00
5.792158018867924696e+00
5.802149406009783128e+00
5.812140758211040037e+00
5.822132075471697199e+00
5.832123357791753726e+00
5.842114605171207842e+00
5.852105817610062211e+00
5.862096995108315056e+00
5.872088137665967267e+00
5.882079245283017954e+00
5.892070317959468895e+00
5.902061355695317424e+00
5.912052358490565318e+00
5.922043326345212577e+00
5.932034259259259201e+00
5.942025157232704302e+00
5.952016020265548768e+00
5.962006848357791711e+00
5.971997641509434018e+00
5.981988399720474803e+00
5.991979122990915840e+00
6.001969811320754467e+00
6.011960464709992458e+00
6.021951083158629814e+00
6.031941666666665647e+00
6.041932215234101733e+00
6.051922728860935408e+00
6.061913207547169335e+00
6.071903651292801740e+00
6.081894060097833510e+00
6.091884433962263756e+00
6.101874772886093368e+00
6.111865076869321456e+00
6.121855345911949797e+00
6.131845580013975727e+00
6.141835779175401910e+00
6.151825943396226570e+00
6.161816072676449707e+00
6.171806167016073097e+00
6.181796226415094075e+00
6.191786250873515307e+00
6.201776240391335016e+00
6.211766194968552313e+00
6.221756114605170751e+00
6.231745999301187666e+00
6.241735849056603058e+00
6.251725663871417815e+00
6.261715443745631937e+00
6.271705188679244536e+00
6.281694898672256500e+00
6.291684573724667828e+00
6.301674213836477634e+00
6.311663819007686804e+00
6.321653389238294452e+00
6.331642924528301464e+00
6.341632424877707841e+00
6.351621890286512695e+00
6.361611320754716914e+00
6.371600716282320498e+00
6.381590076869322559e+00
6.391579402515723096e+00
6.401568693221523887e+00
6.411557948986722266e+00
6.421547169811320011e+00
6.431536355695317120e+00
6.441525506638713594e+00
6.451514622641508545e+00
6.461503703703702861e+00
6.471492749825296542e+00
6.481481761006288700e+00
6.491470737246680223e+00
6.501459678546471110e+00
6.511448584905660475e+00
6.521437456324248316e+00
6.531426292802236411e+00
6.541415094339622982e+00
6.551403860936408030e+00
6.561392592592592443e+00
6.571381289308176221e+00
6.581369951083158476e+00
6.591358577917540096e+00
6.601347169811320192e+00
6.611335726764499654e+00
6.621324248777078481e+00
6.631312735849055784e+00
6.641301187980432452e+00
6.651289605171208486e+00
6.661277987421382996e+00
6.671266334730956871e+00
6.681254647099930111e+00
6.691242924528301828e+00
6.701231167016072909e+00
6.711219374563242468e+00
6.721207547169811392e+00
6.731195684835778792e+00
6.741183787561146445e+00
6.751171855345911688e+00
6.761159888190077183e+00
6.771147886093641155e+00
6.781135849056603604e+00
6.791123777078966306e+00
6.801111670160726597e+00
6.811099528301886252e+00
6.821087351502445273e+00
6.831075139762403658e+00
6.841062893081760521e+00
6.851050611460516748e+00
6.861038294898672341e+00
6.871025943396226410e+00
6.881013556953179844e+00
6.891001135569531755e+00
6.900988679245283031e+00
6.910976187980432783e+00
6.920963661774982789e+00
6.930951100628931272e+00
6.940938504542278231e+00
6.950925873515024556e+00
6.960913207547170245e+00
6.970900506638714411e+00
6.980887770789657942e+00
6.990874999999999950e+00
7.000862194269741323e+00
7.010849353598881173e+00
7.020836477987421276e+00
7.030823567435359855e+00
7.040810621942696912e+00
7.050797641509433333e+00
7.060784626135569120e+00
7.070771575821104271e+00
7.080758490566037899e+00
7.090745370370370004e+00
7.100732215234102362e+00
7.110719025157232309e+00
7.120705800139762509e+00
7.130692540181691186e+00
7.140679245283019227e+00
7.150665915443745746e+00
7.160652550663871629e+00
7.170639150943396878e+00
7.180625716282320603e+00
7.190612246680642805e+00
7.200598742138364372e+00
7.210585202655485304e+00
7.220571628232005601e+00
7.230558018867924375e+00
7.240544374563242513e+00
7.250530695317959129e+00
7.260516981132075109e+00
7.270503232005590455e+00
7.280489447938504277e+00
7.290475628930817464e+00
7.300461774982530017e+00
7.310447886093641046e+00
7.320433962264151440e+00
7.330420003494060310e+00
7.340406009783368546e+00
7.350391981132076147e+00
7.360377917540182224e+00
7.370363819007687667e+00
7.380349685534591586e+00
7.390335517120893982e+00
7.400321313766596631e+00
7.410307075471697758e+00
7.420292802236198249e+00
7.430278494060097216e+00
7.440264150943396437e+00
7.450249772886093247e+00
7.460235359888190310e+00
7.470220911949685849e+00
7.480206429070579865e+00
7.490191911250873247e+00
7.500177358490565993e+00
7.510162770789658104e+00
7.520148148148148692e+00
7.530133490566037757e+00
7.540118798043327075e+00
7.550104070580013982e+00
7.560089308176101142e+00
7.570074510831586778e+00
7.580059678546471780e+00
7.590044811320754370e+00
7.600029909154437213e+00
7.610014972047519421e+00
7.620000000000000107e+00
7.629984993011879268e+00
7.639969951083158684e+00
7.649954874213836575e+00
7.659939762403912944e+00
7.669924615653389566e+00
7.679909433962264664e+00
7.689894217330538240e+00
7.699878965758211180e+00
7.709863679245283485e+00
7.719848357791754268e+00
7.729833001397624415e+00
7.739817610062893927e+00
7.749802183787561916e+00
7.759786722571628381e+00
7.769771226415095100e+00
7.779755695317959407e+00
7.789740129280223080e+00
7.799724528301887005e+00
7.809708892382948520e+00
7.819693221523410287e+00
7.829677515723270531e+00
7.839661774982530140e+00
7.849645999301188226e+00
7.859630188679245677e+00
7.869614343116701605e+00
7.879598462613556897e+00
7.889582547169811555e+00
7.899566596785464689e+00
7.909550611460517189e+00
7.919534591194969053e+00
7.929518535988819394e+00
7.939502445842069100e+00
7.949486320754717283e+00
7.959470160726764831e+00
7.969453965758211744e+00
7.979437735849056246e+00
7.989421470999301000e+00
7.999405171208946008e+00
8.009388836477986828e+00
8.019372466806428790e+00
8.029356062194269228e+00
8.039339622641509919e+00
8.049323148148149087e+00
8.059306638714186732e+00
8.069290094339622854e+00
8.079273515024457453e+00
8.089256900768692304e+00
8.099240251572325633e+00
8.109223567435359215e+00
8.119206848357791273e+00
8.129190094339621808e+00
8.139173305380850820e+00
8.149156481481480085e+00
8.159139622641507827e+00
8.169122728860935823e+00
8.179105800139762295e+00
8.189088836477987243e+00
8.199071837875610669e+00
8.209054804332634347e+00
8.219037735849056503e+00
8.229020632424877135e+00
8.239003494060098021e+00
8.248986320754715607e+00
8.258969112508735222e+00
8.268951869322151538e+00
8.278934591194968107e+00
8.288917278127183152e+00
8.298899930118798451e+00
8.308882547169810451e+00
8.318865129280222703e+00
8.328847676450035209e+00
8.338830188679244415e+00
8.348812665967853874e+00
8.358795108315863587e+00
8.368777515723270000e+00
8.378759888190076666e+00
8.388742225716281808e+00
8.398724528301887204e+00
8.408706795946891077e+00
8.418689028651293427e+00
8.428671226415094253e+00
8.438653389238295333e+00
8.448635517120894889e+00
8.458617610062892922e+00
8.468599668064289432e+00
8.478581691125086195e+00
8.488563679245281435e+00
8.498545632424876928e+00
8.508527550663870898e+00
8.518509433962263344e+00
8.528491282320054268e+00
8.538473095737245444e+00
8.548454874213835097e+00
8.558436617749825004e+00
8.568418326345211611e+00
8.578399999999998471e+00
8.588381638714185584e+00
8.598363242487769398e+00
8.608344811320753465e+00
8.618326345213137785e+00
8.628307844164918805e+00
8.638289308176100079e+00
8.648270737246679829e+00
8.658252131376659833e+00
8.668233490566038313e+00
8.678214814814815270e+00
8.688196104122990704e+00
8.698177358490566391e+00
8.708158577917540555e+00
8.718139762403913195e+00
8.728120911949686089e+00
8.738102026554857460e+00
8.748083106219427307e+00
8.758064150943395632e+00
8.768045160726764209e+00
8.778026135569531263e+00
8.788007075471698570e+00
8.797987980433264354e+00
8.807968850454228615e+00
8.817949685534591353e+00
8.827930485674354344e+00
8.837911250873515812e+00
8.847891981132075756e+00
8.857872676450035954e+00
8.867853336827392852e+00
8.877833962264150003e+00
8.887814552760307407e+00
8.897795108315861512e+00
8.907775628930815870e+00
8.917756114605170481e+00
8.927736565338923569e+00
8.937716981132075134e+00
8.947697361984625175e+00
8.957677707896575470e+00
8.967658018867924241e+00
8.977638294898671489e+00
8.987618535988818991e+00
8.997598742138364969e+00
9.007578913347309424e+00
9.017559049615652356e+00
9.027539150943395541e+00
9.037519217330537202e+00
9.047499248777079117e+00
9.057479245283019509e+00
9.067459206848358377e+00
9.077439133473095723e+00
9.087419025157233321e+00
9.097398881900769396e+00
9.107378703703703948e+00
9.117358490566038753e+00
9.127338242487770259e+00
9.137317959468903794e+00
9.147297641509434030e+00
9.157277288609364518e+00
9.167256900768693484e+00
9.177236477987422703e+00
9.187216020265548622e+00
9.197195527603074794e+00
9.207175000000001219e+00
9.217154437456324345e+00
9.227133839972047724e+00
9.237113207547171356e+00
9.247092540181691689e+00
9.257071837875610498e+00
9.267051100628929561e+00
9.277030328441648876e+00
9.287009521313766669e+00
9.296988679245282938e+00
9.306967802236197684e+00
9.316946890286512684e+00
9.326925943396226160e+00
9.336904961565338112e+00
9.346883944793850318e+00
9.356862893081761001e+00
9.366841806429070161e+00
9.376820684835779574e+00
9.386799528301887463e+00
9.396778336827393829e+00
9.406757110412298672e+00
9.416735849056603769e+00
9.426714552760307342e+00
9.436693221523409392e+00
9.446671855345911695e+00
9.456650454227812475e+00
9.466629018169113507e+00
9.476607547169811241e+00
9.486586041229909227e+00
9.496564500349405691e+00
9.506542924528302407e+00
9.516521313766597601e+00
9.526499668064291271e+00
9.536477987421383418e+00
9.546456271837875818e+00
9.556434521313766695e+00
9.566412735849057825e+00
9.576390915443745655e+00
9.586369060097833739e+00
9.596347169811322075e+00
9.606325244584207113e+00
9.616303284416492403e+00
9.626281289308177946e+00
9.636259259259260190e+00
9.646237194269740911e+00
9.656215094339621885e+00
9.666192959468903112e+00
9.676170789657581039e+00
9.686148584905659220e+00
9.696126345213137654e+00
9.706104070580012788e+00
9.716081761006288176e+00
9.726059416491963816e+00
9.736037037037036157e+00
9.746014622641508751e+00
9.755992173305381598e+00
9.765969689028651146e+00
9.775947169811320947e+00
9.785924615653389225e+00
9.795902026554857756e+00
9.805879402515722987e+00
9.815856743535988471e+00
9.825834049615654209e+00
9.835811320754716647e+00
9.845788556953179338e+00
9.855765758211042282e+00
9.865742924528301927e+00
9.875720055904961825e+00
9.885697152341020200e+00
9.895674213836478827e+00
9.905651240391335932e+00
9.915628232005591514e+00
9.925605188679245572e+00
9.935582110412299883e+00
9.945558997204752671e+00
9.955535849056603936e+00
9.965512665967855455e+00
9.975489447938505450e+00
9.985466194968553921e+00
9.995442907058002646e+00
1.000541958420684985e+01
1.001539622641509553e+01
1.002537283368274146e+01
1.003534940600978409e+01
1.004532594339622520e+01
1.005530244584206834e+01
1.006527891334730995e+01
1.007525534591195004e+01
1.008523174353598861e+01
1.009520810621942744e+01
1.010518443396226473e+01
1.011516072676450051e+01
1.012513698462613654e+01
1.013511320754716927e+01
1.014508939552760403e+01
1.015506554856743548e+01
1.016504166666666720e+01
1.017501774982529739e+01
1.018499379804332605e+01
1.019496981132075497e+01
1.020494578965758237e+01
1.021492173305380824e+01
1.022489764150943437e+01
