3.000000000000113687e-03
1.300000000000011216e-02
2.300000000000011063e-02
3.300000000000011258e-02
4.300000000000010758e-02
5.300000000000010258e-02
6.300000000000011147e-02
7.300000000000010647e-02
8.300000000000010147e-02
9.300000000000009648e-02
1.030000000000000915e-01
1.130000000000001004e-01
1.230000000000000954e-01
1.330000000000000904e-01
1.430000000000000993e-01
1.530000000000000804e-01
1.630000000000000893e-01
1.730000000000000981e-01
1.830000000000000793e-01
1.930000000000000882e-01
2.030000000000000693e-01
2.130000000000000782e-01
2.230000000000000870e-01
2.330000000000000682e-01
2.430000000000000770e-01
2.530000000000001137e-01
2.630000000000000671e-01
2.730000000000000759e-01
2.830000000000000848e-01
2.930000000000000937e-01
3.030000000000000471e-01
3.130000000000000560e-01
3.230000000000000648e-01
3.330000000000000737e-01
3.430000000000000826e-01
3.530000000000000360e-01
3.630000000000000449e-01
3.730000000000000537e-01
3.830000000000000626e-01
3.930000000000000715e-01
4.030000000000000249e-01
4.130000000000000338e-01
4.230000000000000426e-01
4.330000000000000515e-01
4.430000000000000604e-01
4.530000000000000693e-01
4.630000000000000226e-01
4.730000000000000315e-01
4.830000000000000404e-01
4.930000000000000493e-01
5.030000000000001137e-01
5.130000000000000115e-01
5.230000000000000204e-01
5.330000000000000293e-01
5.430000000000000382e-01
5.530000000000000471e-01
5.630000000000000560e-01
5.730000000000000648e-01
5.830000000000000737e-01
5.929999999999999716e-01
6.029999999999999805e-01
6.129999999999999893e-01
6.229999999999999982e-01
6.330000000000000071e-01
6.430000000000000160e-01
6.530000000000000249e-01
6.630000000000000338e-01
6.730000000000000426e-01
6.830000000000000515e-01
6.930000000000000604e-01
7.029999999999999583e-01
7.129999999999999671e-01
7.229999999999999760e-01
7.329999999999999849e-01
7.429999999999999938e-01
7.530000000000000027e-01
7.630000000000000115e-01
7.730000000000000204e-01
7.830000000000000293e-01
7.930000000000000382e-01
8.029999999999999361e-01
8.129999999999999449e-01
8.229999999999999538e-01
8.329999999999999627e-01
8.429999999999999716e-01
8.529999999999999805e-01
8.629999999999999893e-01
8.729999999999999982e-01
8.830000000000000071e-01
8.930000000000000160e-01
9.030000000000000249e-01
9.129999999999999227e-01
9.229999999999999316e-01
9.329999999999999405e-01
9.429999999999999494e-01
9.529999999999999583e-01
9.629999999999999671e-01
9.729999999999999760e-01
9.829999999999999849e-01
9.929999999999999938e-01
1.003000000000000114e+00
1.012999999999999901e+00
1.022999999999999909e+00
1.032999999999999918e+00
1.042999999999999927e+00
1.052999999999999936e+00
1.062999999999999945e+00
1.072999999999999954e+00
1.082999999999999963e+00
1.092999999999999972e+00
1.102999999999999980e+00
1.112999999999999989e+00
1.122999999999999998e+00
1.133000000000000007e+00
1.143000000000000016e+00
1.153000000000000025e+00
1.163000000000000034e+00
1.173000000000000043e+00
1.182999999999999829e+00
1.192999999999999838e+00
1.202999999999999847e+00
1.212999999999999856e+00
1.222999999999999865e+00
1.232999999999999874e+00
1.242999999999999883e+00
1.252999999999999892e+00
1.262999999999999901e+00
1.272999999999999909e+00
1.282999999999999918e+00
1.292999999999999927e+00
1.302999999999999936e+00
1.312999999999999945e+00
1.322999999999999954e+00
1.332999999999999963e+00
1.342999999999999972e+00
1.352999999999999980e+00
1.362999999999999989e+00
1.372999999999999998e+00
1.383000000000000007e+00
1.392999999999999794e+00
1.402999999999999803e+00
1.412999999999999812e+00
1.422999999999999821e+00
1.432999999999999829e+00
1.442999999999999838e+00
1.452999999999999847e+00
1.462999999999999856e+00
1.472999999999999865e+00
1.482999999999999874e+00
1.492999999999999883e+00
1.502999999999999892e+00
1.512999999999999901e+00
1.522999999999999909e+00
1.532999999999999918e+00
1.542999999999999927e+00
1.552999999999999936e+00
1.562999999999999945e+00
1.572999999999999954e+00
1.582999999999999963e+00
1.592999999999999972e+00
1.602999999999999758e+00
1.612999999999999767e+00
1.622999999999999776e+00
1.632999999999999785e+00
1.642999999999999794e+00
1.652999999999999803e+00
1.662999999999999812e+00
1.672999999999999821e+00
1.682999999999999829e+00
1.692999999999999838e+00
1.702999999999999847e+00
1.712999999999999856e+00
1.722999999999999865e+00
1.732999999999999874e+00
1.742999999999999883e+00
1.752999999999999892e+00
1.762999999999999901e+00
1.772999999999999909e+00
1.782999999999999918e+00
1.792999999999999927e+00
1.802999999999999936e+00
1.812999999999999945e+00
1.822999999999999732e+00
1.832999999999999741e+00
1.842999999999999750e+00
1.852999999999999758e+00
1.862999999999999767e+00
1.872999999999999776e+00
1.882999999999999785e+00
1.892999999999999794e+00
1.902999999999999803e+00
1.912999999999999812e+00
1.922999999999999821e+00
1.932999999999999829e+00
1.942999999999999838e+00
1.952999999999999847e+00
1.962999999999999856e+00
1.972999999999999865e+00
1.982999999999999874e+00
1.992999999999999883e+00
2.003000000000000114e+00
2.012999999999999901e+00
2.022999999999999687e+00
2.032999999999999918e+00
2.042999999999999705e+00
2.052999999999999936e+00
2.062999999999999723e+00
2.072999999999999954e+00
2.082999999999999741e+00
2.092999999999999972e+00
2.102999999999999758e+00
2.112999999999999989e+00
2.122999999999999776e+00
2.133000000000000007e+00
2.142999999999999794e+00
2.152999999999999581e+00
2.162999999999999812e+00
2.172999999999999599e+00
2.182999999999999829e+00
2.192999999999999616e+00
2.202999999999999847e+00
2.212999999999999634e+00
2.222999999999999865e+00
2.232999999999999652e+00
2.242999999999999883e+00
2.252999999999999670e+00
2.262999999999999901e+00
2.272999999999999687e+00
2.282999999999999918e+00
2.292999999999999705e+00
2.302999999999999936e+00
2.312999999999999723e+00
2.322999999999999954e+00
2.332999999999999741e+00
2.342999999999999972e+00
2.352999999999999758e+00
2.362999999999999545e+00
2.372999999999999776e+00
2.382999999999999563e+00
2.392999999999999794e+00
2.402999999999999581e+00
2.412999999999999812e+00
2.422999999999999599e+00
2.432999999999999829e+00
2.442999999999999616e+00
2.452999999999999847e+00
2.462999999999999634e+00
2.472999999999999865e+00
2.482999999999999652e+00
2.492999999999999883e+00
2.502999999999999670e+00
2.512999999999999901e+00
2.522999999999999687e+00
2.532999999999999918e+00
2.542999999999999705e+00
2.552999999999999936e+00
2.562999999999999723e+00
2.572999999999999510e+00
2.582999999999999741e+00
2.592999999999999527e+00
2.602999999999999758e+00
2.612999999999999545e+00
2.622999999999999776e+00
2.632999999999999563e+00
2.642999999999999794e+00
2.652999999999999581e+00
2.662999999999999812e+00
2.672999999999999599e+00
2.682999999999999829e+00
2.692999999999999616e+00
2.702999999999999847e+00
2.712999999999999634e+00
2.722999999999999865e+00
2.732999999999999652e+00
2.742999999999999883e+00
2.752999999999999670e+00
2.762999999999999901e+00
2.772999999999999687e+00
2.782999999999999474e+00
2.792999999999999705e+00
2.802999999999999492e+00
2.812999999999999723e+00
2.822999999999999510e+00
2.832999999999999741e+00
2.842999999999999527e+00
2.852999999999999758e+00
2.862999999999999545e+00
2.872999999999999776e+00
2.882999999999999563e+00
2.892999999999999794e+00
2.902999999999999581e+00
2.912999999999999812e+00
2.922999999999999599e+00
2.932999999999999829e+00
2.942999999999999616e+00
2.952999999999999847e+00
2.962999999999999634e+00
2.972999999999999865e+00
2.982999999999999652e+00
2.992999999999999439e+00
3.002999999999999670e+00
3.012999999999999456e+00
3.022999999999999687e+00
3.032999999999999474e+00
3.042999999999999705e+00
3.052999999999999492e+00
3.062999999999999723e+00
3.072999999999999510e+00
3.082999999999999741e+00
3.092999999999999527e+00
3.102999999999999758e+00
3.112999999999999545e+00
3.122999999999999776e+00
3.132999999999999563e+00
3.142999999999999794e+00
3.152999999999999581e+00
3.162999999999999812e+00
3.172999999999999599e+00
3.182999999999999829e+00
3.192999999999999616e+00
3.202999999999999403e+00
3.212999999999999634e+00
3.222999999999999421e+00
3.232999999999999652e+00
3.242999999999999439e+00
3.252999999999999670e+00
3.262999999999999456e+00
3.272999999999999687e+00
3.282999999999999474e+00
3.292999999999999705e+00
3.302999999999999492e+00
3.312999999999999723e+00
3.322999999999999510e+00
3.332999999999999741e+00
3.342999999999999527e+00
3.352999999999999758e+00
3.362999999999999545e+00
3.372999999999999776e+00
3.382999999999999563e+00
3.392999999999999794e+00
3.402999999999999581e+00
3.412999999999999812e+00
3.422999999999999599e+00
3.432999999999999385e+00
3.442999999999999616e+00
3.452999999999999403e+00
3.462999999999999634e+00
3.472999999999999421e+00
3.482999999999999652e+00
3.492999999999999439e+00
3.502999999999999670e+00
3.512999999999999456e+00
3.522999999999999687e+00
3.532999999999999474e+00
3.542999999999999705e+00
3.552999999999999492e+00
3.562999999999999723e+00
3.572999999999999510e+00
3.582999999999999741e+00
3.592999999999999527e+00
3.602999999999999758e+00
3.612999999999999545e+00
3.622999999999999776e+00
3.632999999999999563e+00
3.642999999999999350e+00
3.652999999999999581e+00
3.662999999999999368e+00
3.672999999999999599e+00
3.682999999999999385e+00
3.692999999999999616e+00
3.702999999999999403e+00
3.712999999999999634e+00
3.722999999999999421e+00
3.732999999999999652e+00
3.742999999999999439e+00
3.752999999999999670e+00
3.762999999999999456e+00
3.772999999999999687e+00
3.782999999999999474e+00
3.792999999999999705e+00
3.802999999999999492e+00
3.812999999999999723e+00
3.822999999999999510e+00
3.832999999999999741e+00
3.842999999999999527e+00
3.852999999999999314e+00
3.862999999999999545e+00
3.872999999999999332e+00
3.882999999999999563e+00
3.892999999999999350e+00
3.902999999999999581e+00
3.912999999999999368e+00
3.922999999999999599e+00
3.932999999999999385e+00
3.942999999999999616e+00
3.952999999999999403e+00
3.962999999999999634e+00
3.972999999999999421e+00
3.982999999999999652e+00
3.992999999999999439e+00
4.003000000000000114e+00
4.012999999999999901e+00
4.022999999999999687e+00
4.032999999999999474e+00
4.042999999999999261e+00
4.052999999999999936e+00
4.062999999999999723e+00
4.072999999999999510e+00
4.082999999999999297e+00
4.092999999999999083e+00
4.102999999999999758e+00
4.112999999999999545e+00
4.122999999999999332e+00
4.132999999999999119e+00
4.142999999999999794e+00
4.152999999999999581e+00
4.162999999999999368e+00
4.172999999999999154e+00
4.182999999999999829e+00
4.192999999999999616e+00
4.202999999999999403e+00
4.212999999999999190e+00
4.222999999999999865e+00
4.232999999999999652e+00
4.242999999999999439e+00
4.252999999999999226e+00
4.262999999999999901e+00
4.272999999999999687e+00
4.282999999999999474e+00
4.292999999999999261e+00
4.302999999999999048e+00
4.312999999999999723e+00
4.322999999999999510e+00
4.332999999999999297e+00
4.342999999999999083e+00
4.352999999999999758e+00
4.362999999999999545e+00
4.372999999999999332e+00
4.382999999999999119e+00
4.392999999999999794e+00
4.402999999999999581e+00
4.412999999999999368e+00
4.422999999999999154e+00
4.432999999999999829e+00
4.442999999999999616e+00
4.452999999999999403e+00
4.462999999999999190e+00
4.472999999999999865e+00
4.482999999999999652e+00
4.492999999999999439e+00
4.502999999999999226e+00
4.512999999999999012e+00
4.522999999999999687e+00
4.532999999999999474e+00
4.542999999999999261e+00
4.552999999999999048e+00
4.562999999999999723e+00
4.572999999999999510e+00
4.582999999999999297e+00
4.592999999999999083e+00
4.602999999999999758e+00
4.612999999999999545e+00
4.622999999999999332e+00
4.632999999999999119e+00
4.642999999999999794e+00
4.652999999999999581e+00
4.662999999999999368e+00
4.672999999999999154e+00
4.682999999999999829e+00
4.692999999999999616e+00
4.702999999999999403e+00
4.712999999999999190e+00
4.722999999999998977e+00
4.732999999999999652e+00
4.742999999999999439e+00
4.752999999999999226e+00
4.762999999999999012e+00
4.772999999999999687e+00
4.782999999999999474e+00
4.792999999999999261e+00
4.802999999999999048e+00
4.812999999999999723e+00
4.822999999999999510e+00
4.832999999999999297e+00
4.842999999999999083e+00
4.852999999999999758e+00
4.862999999999999545e+00
4.872999999999999332e+00
4.882999999999999119e+00
4.892999999999999794e+00
4.902999999999999581e+00
4.912999999999999368e+00
4.922999999999999154e+00
4.932999999999998941e+00
4.942999999999999616e+00
4.952999999999999403e+00
4.962999999999999190e+00
4.972999999999998977e+00
4.982999999999999652e+00
4.992999999999999439e+00
5.002999999999999226e+00
5.012999999999999012e+00
5.022999999999999687e+00
5.032999999999999474e+00
5.042999999999999261e+00
5.052999999999999048e+00
5.062999999999999723e+00
5.072999999999999510e+00
5.082999999999999297e+00
5.092999999999999083e+00
5.102999999999999758e+00
5.112999999999999545e+00
5.122999999999999332e+00
5.132999999999999119e+00
5.142999999999998906e+00
5.152999999999999581e+00
5.162999999999999368e+00
5.172999999999999154e+00
5.182999999999998941e+00
5.192999999999999616e+00
5.202999999999999403e+00
5.212999999999999190e+00
5.222999999999998977e+00
5.232999999999999652e+00
5.242999999999999439e+00
5.252999999999999226e+00
5.262999999999999012e+00
5.272999999999999687e+00
5.282999999999999474e+00
5.292999999999999261e+00
5.302999999999999048e+00
5.312999999999999723e+00
5.322999999999999510e+00
5.332999999999999297e+00
5.342999999999999083e+00
5.352999999999998870e+00
5.362999999999999545e+00
5.372999999999999332e+00
5.382999999999999119e+00
5.392999999999998906e+00
5.402999999999999581e+00
5.412999999999999368e+00
5.422999999999999154e+00
5.432999999999998941e+00
5.442999999999999616e+00
5.452999999999999403e+00
5.462999999999999190e+00
5.472999999999998977e+00
5.482999999999999652e+00
5.492999999999999439e+00
5.502999999999999226e+00
5.512999999999999012e+00
5.522999999999999687e+00
5.532999999999999474e+00
5.542999999999999261e+00
5.552999999999999048e+00
5.562999999999998835e+00
5.572999999999999510e+00
5.582999999999999297e+00
5.592999999999999083e+00
5.602999999999998870e+00
5.612999999999999545e+00
5.622999999999999332e+00
5.632999999999999119e+00
5.642999999999998906e+00
5.652999999999999581e+00
5.662999999999999368e+00
5.672999999999999154e+00
5.682999999999998941e+00
5.692999999999999616e+00
5.702999999999999403e+00
5.712999999999999190e+00
5.722999999999998977e+00
5.732999999999999652e+00
5.742999999999999439e+00
5.752999999999999226e+00
5.762999999999999012e+00
5.772999999999998799e+00
5.782999999999999474e+00
5.792999999999999261e+00
5.802999999999999048e+00
5.812999999999998835e+00
5.822999999999999510e+00
5.832999999999999297e+00
5.842999999999999083e+00
5.852999999999998870e+00
5.862999999999999545e+00
5.872999999999999332e+00
5.882999999999999119e+00
5.892999999999998906e+00
5.902999999999999581e+00
5.912999999999999368e+00
5.922999999999999154e+00
5.932999999999998941e+00
5.942999999999999616e+00
5.952999999999999403e+00
5.962999999999999190e+00
5.972999999999998977e+00
5.982999999999998764e+00
5.992999999999999439e+00
6.002999999999999226e+00
6.012999999999999012e+00
6.022999999999998799e+00
6.032999999999999474e+00
6.042999999999999261e+00
6.052999999999999048e+00
6.062999999999998835e+00
6.072999999999999510e+00
6.082999999999999297e+00
6.092999999999999083e+00
6.102999999999998870e+00
6.112999999999999545e+00
6.122999999999999332e+00
6.132999999999999119e+00
6.142999999999998906e+00
6.152999999999999581e+00
6.162999999999999368e+00
6.172999999999999154e+00
6.182999999999998941e+00
6.192999999999998728e+00
6.202999999999999403e+00
6.212999999999999190e+00
6.222999999999998977e+00
6.232999999999998764e+00
6.242999999999999439e+00
6.252999999999999226e+00
6.262999999999999012e+00
6.272999999999998799e+00
6.282999999999999474e+00
6.292999999999999261e+00
6.302999999999999048e+00
6.312999999999998835e+00
6.322999999999999510e+00
6.332999999999999297e+00
6.342999999999999083e+00
6.352999999999998870e+00
6.362999999999999545e+00
6.372999999999999332e+00
6.382999999999999119e+00
6.392999999999998906e+00
6.402999999999998693e+00
6.412999999999999368e+00
6.422999999999999154e+00
6.432999999999998941e+00
6.442999999999998728e+00
6.452999999999999403e+00
6.462999999999999190e+00
6.472999999999998977e+00
6.482999999999998764e+00
6.492999999999999439e+00
6.502999999999999226e+00
6.512999999999999012e+00
6.522999999999998799e+00
6.532999999999999474e+00
6.542999999999999261e+00
6.552999999999999048e+00
6.562999999999998835e+00
6.572999999999999510e+00
6.582999999999999297e+00
6.592999999999999083e+00
6.602999999999998870e+00
6.612999999999999545e+00
6.622999999999999332e+00
6.632999999999999119e+00
6.642999999999998906e+00
6.652999999999998693e+00
6.662999999999999368e+00
6.672999999999999154e+00
6.682999999999998941e+00
6.692999999999998728e+00
6.702999999999999403e+00
6.712999999999999190e+00
6.722999999999998977e+00
6.732999999999998764e+00
6.742999999999999439e+00
6.752999999999999226e+00
6.762999999999999012e+00
6.772999999999998799e+00
6.782999999999999474e+00
6.792999999999999261e+00
6.802999999999999048e+00
6.812999999999998835e+00
6.822999999999999510e+00
6.832999999999999297e+00
6.842999999999999083e+00
6.852999999999998870e+00
6.862999999999998657e+00
6.872999999999999332e+00
6.882999999999999119e+00
6.892999999999998906e+00
6.902999999999998693e+00
6.912999999999999368e+00
6.922999999999999154e+00
6.932999999999998941e+00
6.942999999999998728e+00
6.952999999999999403e+00
6.962999999999999190e+00
6.972999999999998977e+00
6.982999999999998764e+00
6.992999999999999439e+00
7.002999999999999226e+00
7.012999999999999012e+00
7.022999999999998799e+00
7.032999999999999474e+00
7.042999999999999261e+00
7.052999999999999048e+00
7.062999999999998835e+00
7.072999999999998622e+00
7.082999999999999297e+00
7.092999999999999083e+00
7.102999999999998870e+00
7.112999999999998657e+00
7.122999999999999332e+00
7.132999999999999119e+00
7.142999999999998906e+00
7.152999999999998693e+00
7.162999999999999368e+00
7.172999999999999154e+00
7.182999999999998941e+00
7.192999999999998728e+00
7.202999999999999403e+00
7.212999999999999190e+00
7.222999999999998977e+00
7.232999999999998764e+00
7.242999999999999439e+00
7.252999999999999226e+00
7.262999999999999012e+00
7.272999999999998799e+00
7.282999999999998586e+00
7.292999999999999261e+00
7.302999999999999048e+00
7.312999999999998835e+00
7.322999999999998622e+00
7.332999999999999297e+00
7.342999999999999083e+00
7.352999999999998870e+00
7.362999999999998657e+00
7.372999999999999332e+00
7.382999999999999119e+00
7.392999999999998906e+00
7.402999999999998693e+00
7.412999999999999368e+00
7.422999999999999154e+00
7.432999999999998941e+00
7.442999999999998728e+00
7.452999999999999403e+00
7.462999999999999190e+00
7.472999999999998977e+00
7.482999999999998764e+00
7.492999999999998550e+00
7.502999999999999226e+00
7.512999999999999012e+00
7.522999999999998799e+00
7.532999999999998586e+00
7.542999999999999261e+00
7.552999999999999048e+00
7.562999999999998835e+00
7.572999999999998622e+00
7.582999999999999297e+00
7.592999999999999083e+00
7.602999999999998870e+00
7.612999999999998657e+00
7.622999999999999332e+00
7.632999999999999119e+00
7.642999999999998906e+00
7.652999999999998693e+00
7.662999999999999368e+00
7.672999999999999154e+00
7.682999999999998941e+00
7.692999999999998728e+00
7.702999999999998515e+00
7.712999999999999190e+00
7.722999999999998977e+00
7.732999999999998764e+00
7.742999999999998550e+00
7.752999999999999226e+00
7.762999999999999012e+00
7.772999999999998799e+00
7.782999999999998586e+00
7.792999999999999261e+00
7.802999999999999048e+00
7.812999999999998835e+00
7.822999999999998622e+00
7.832999999999999297e+00
7.842999999999999083e+00
7.852999999999998870e+00
7.862999999999998657e+00
7.872999999999999332e+00
7.882999999999999119e+00
7.892999999999998906e+00
7.902999999999998693e+00
7.912999999999998479e+00
7.922999999999999154e+00
7.932999999999998941e+00
7.942999999999998728e+00
7.952999999999998515e+00
7.962999999999999190e+00
7.972999999999998977e+00
7.982999999999998764e+00
7.992999999999998550e+00
8.003000000000000114e+00
8.012999999999998124e+00
8.022999999999999687e+00
8.032999999999999474e+00
8.042999999999999261e+00
8.052999999999999048e+00
8.062999999999998835e+00
8.072999999999998622e+00
8.082999999999998408e+00
8.092999999999998195e+00
8.102999999999999758e+00
8.112999999999999545e+00
8.122999999999999332e+00
8.132999999999999119e+00
8.142999999999998906e+00
8.152999999999998693e+00
8.162999999999998479e+00
8.172999999999998266e+00
8.182999999999998053e+00
8.192999999999999616e+00
8.202999999999999403e+00
8.212999999999999190e+00
8.222999999999998977e+00
8.232999999999998764e+00
8.242999999999998550e+00
8.252999999999998337e+00
8.262999999999998124e+00
8.272999999999999687e+00
8.282999999999999474e+00
8.292999999999999261e+00
8.302999999999999048e+00
8.312999999999998835e+00
8.322999999999998622e+00
8.332999999999998408e+00
8.342999999999998195e+00
8.352999999999997982e+00
8.362999999999999545e+00
8.372999999999999332e+00
8.382999999999999119e+00
8.392999999999998906e+00
8.402999999999998693e+00
8.412999999999998479e+00
8.422999999999998266e+00
8.432999999999998053e+00
8.442999999999999616e+00
8.452999999999999403e+00
8.462999999999999190e+00
8.472999999999998977e+00
8.482999999999998764e+00
8.492999999999998550e+00
8.502999999999998337e+00
8.512999999999998124e+00
8.522999999999999687e+00
8.532999999999999474e+00
8.542999999999999261e+00
8.552999999999999048e+00
8.562999999999998835e+00
8.572999999999998622e+00
8.582999999999998408e+00
8.592999999999998195e+00
8.602999999999997982e+00
8.612999999999999545e+00
8.622999999999999332e+00
8.632999999999999119e+00
8.642999999999998906e+00
8.652999999999998693e+00
8.662999999999998479e+00
8.672999999999998266e+00
8.682999999999998053e+00
8.692999999999999616e+00
8.702999999999999403e+00
8.712999999999999190e+00
8.722999999999998977e+00
8.732999999999998764e+00
8.742999999999998550e+00
8.752999999999998337e+00
8.762999999999998124e+00
8.772999999999997911e+00
8.782999999999999474e+00
8.792999999999999261e+00
8.802999999999999048e+00
8.812999999999998835e+00
8.822999999999998622e+00
8.832999999999998408e+00
8.842999999999998195e+00
8.852999999999997982e+00
8.862999999999999545e+00
8.872999999999999332e+00
8.882999999999999119e+00
8.892999999999998906e+00
8.902999999999998693e+00
8.912999999999998479e+00
8.922999999999998266e+00
8.932999999999998053e+00
8.942999999999999616e+00
8.952999999999999403e+00
8.962999999999999190e+00
8.972999999999998977e+00
8.982999999999998764e+00
8.992999999999998550e+00
9.002999999999998337e+00
9.012999999999998124e+00
9.022999999999997911e+00
9.032999999999999474e+00
9.042999999999999261e+00
9.052999999999999048e+00
9.062999999999998835e+00
9.072999999999998622e+00
9.082999999999998408e+00
9.092999999999998195e+00
9.102999999999997982e+00
9.112999999999999545e+00
9.122999999999999332e+00
9.132999999999999119e+00
9.142999999999998906e+00
9.152999999999998693e+00
9.162999999999998479e+00
9.172999999999998266e+00
9.182999999999998053e+00
9.192999999999997840e+00
9.202999999999999403e+00
9.212999999999999190e+00
9.222999999999998977e+00
9.232999999999998764e+00
9.242999999999998550e+00
9.252999999999998337e+00
9.262999999999998124e+00
9.272999999999997911e+00
9.282999999999999474e+00
9.292999999999999261e+00
9.302999999999999048e+00
9.312999999999998835e+00
9.322999999999998622e+00
9.332999999999998408e+00
9.342999999999998195e+00
9.352999999999997982e+00
9.362999999999999545e+00
9.372999999999999332e+00
9.382999999999999119e+00
9.392999999999998906e+00
9.402999999999998693e+00
9.412999999999998479e+00
9.422999999999998266e+00
9.432999999999998053e+00
9.442999999999997840e+00
9.452999999999999403e+00
9.462999999999999190e+00
9.472999999999998977e+00
9.482999999999998764e+00
9.492999999999998550e+00
9.502999999999998337e+00
9.512999999999998124e+00
9.522999999999997911e+00
9.532999999999999474e+00
9.542999999999999261e+00
9.552999999999999048e+00
9.562999999999998835e+00
9.572999999999998622e+00
9.582999999999998408e+00
9.592999999999998195e+00
9.602999999999997982e+00
9.612999999999997769e+00
9.622999999999999332e+00
9.632999999999999119e+00
9.642999999999998906e+00
9.652999999999998693e+00
9.662999999999998479e+00
9.672999999999998266e+00
9.682999999999998053e+00
9.692999999999997840e+00
9.702999999999999403e+00
9.712999999999999190e+00
9.722999999999998977e+00
9.732999999999998764e+00
9.742999999999998550e+00
9.752999999999998337e+00
9.762999999999998124e+00
9.772999999999997911e+00
9.782999999999999474e+00
9.792999999999999261e+00
9.802999999999999048e+00
9.812999999999998835e+00
9.822999999999998622e+00
9.832999999999998408e+00
9.842999999999998195e+00
9.852999999999997982e+00
9.862999999999997769e+00
9.872999999999999332e+00
9.882999999999999119e+00
9.892999999999998906e+00
9.902999999999998693e+00
9.912999999999998479e+00
9.922999999999998266e+00
9.932999999999998053e+00
9.942999999999997840e+00
9.952999999999999403e+00
9.962999999999999190e+00
9.972999999999998977e+00
9.982999999999998764e+00
9.992999999999998550e+00
1.000299999999999834e+01
1.001299999999999812e+01
1.002299999999999791e+01
1.003299999999999770e+01
1.004299999999999926e+01
1.005299999999999905e+01
1.006299999999999883e+01
1.007299999999999862e+01
1.008299999999999841e+01
1.009299999999999820e+01
1.010299999999999798e+01
1.011299999999999777e+01
1.012299999999999933e+01
1.013299999999999912e+01
1.014299999999999891e+01
1.015299999999999869e+01
1.016299999999999848e+01
1.017299999999999827e+01
1.018299999999999805e+01
1.019299999999999784e+01
1.020299999999999940e+01
1.021299999999999919e+01
1.022299999999999898e+01
1.023299999999999876e+01
