1.666666666666705154e-03
2.033333333333336990e-02
3.900000000000003464e-02
5.766666666666669938e-02
7.633333333333336412e-02
9.500000000000002887e-02
1.136666666666666936e-01
1.323333333333333584e-01
1.510000000000000231e-01
1.696666666666666878e-01
1.883333333333333526e-01
2.070000000000000173e-01
2.256666666666666821e-01
2.443333333333333468e-01
2.630000000000000115e-01
2.816666666666666763e-01
3.003333333333333410e-01
3.190000000000000058e-01
3.376666666666666705e-01
3.563333333333333353e-01
3.750000000000000000e-01
3.936666666666666647e-01
4.123333333333333295e-01
4.309999999999999942e-01
4.496666666666666590e-01
4.683333333333333237e-01
4.869999999999999885e-01
5.056666666666667087e-01
5.243333333333333179e-01
5.429999999999999272e-01
5.616666666666666474e-01
5.803333333333333677e-01
5.989999999999999769e-01
6.176666666666665861e-01
6.363333333333333064e-01
6.550000000000000266e-01
6.736666666666666359e-01
6.923333333333332451e-01
7.109999999999999654e-01
7.296666666666666856e-01
7.483333333333332948e-01
7.669999999999999041e-01
7.856666666666666243e-01
8.043333333333333446e-01
8.229999999999999538e-01
8.416666666666665630e-01
8.603333333333332833e-01
8.790000000000000036e-01
8.976666666666666128e-01
9.163333333333332220e-01
9.349999999999999423e-01
9.536666666666666625e-01
9.723333333333332718e-01
9.909999999999998810e-01
1.009666666666666712e+00
1.028333333333333321e+00
1.046999999999999931e+00
1.065666666666666540e+00
1.084333333333333149e+00
1.102999999999999980e+00
1.121666666666666590e+00
1.140333333333333199e+00
1.159000000000000030e+00
1.177666666666666639e+00
1.196333333333333249e+00
1.214999999999999858e+00
1.233666666666666467e+00
1.252333333333333298e+00
1.270999999999999908e+00
1.289666666666666517e+00
1.308333333333333348e+00
1.326999999999999957e+00
1.345666666666666567e+00
1.364333333333333176e+00
1.382999999999999785e+00
1.401666666666666616e+00
1.420333333333333226e+00
1.438999999999999835e+00
1.457666666666666666e+00
1.476333333333333275e+00
1.494999999999999885e+00
1.513666666666666494e+00
1.532333333333333103e+00
1.550999999999999934e+00
1.569666666666666544e+00
1.588333333333333153e+00
1.606999999999999984e+00
1.625666666666666593e+00
1.644333333333333202e+00
1.662999999999999812e+00
1.681666666666666421e+00
1.700333333333333252e+00
1.718999999999999861e+00
1.737666666666666471e+00
1.756333333333333302e+00
1.774999999999999911e+00
1.793666666666666520e+00
1.812333333333333130e+00
1.830999999999999739e+00
1.849666666666666570e+00
1.868333333333333179e+00
1.886999999999999789e+00
1.905666666666666620e+00
1.924333333333333229e+00
1.942999999999999838e+00
1.961666666666666448e+00
1.980333333333333057e+00
1.998999999999999888e+00
2.017666666666666941e+00
2.036333333333333329e+00
2.054999999999999716e+00
2.073666666666666103e+00
2.092333333333333378e+00
2.110999999999999766e+00
2.129666666666666153e+00
2.148333333333333428e+00
2.166999999999999815e+00
2.185666666666666202e+00
2.204333333333333478e+00
2.222999999999999865e+00
2.241666666666666252e+00
2.260333333333333528e+00
2.278999999999999915e+00
2.297666666666666302e+00
2.316333333333333577e+00
2.334999999999999964e+00
2.353666666666666352e+00
2.372333333333332739e+00
2.391000000000000014e+00
2.409666666666666401e+00
2.428333333333332789e+00
2.447000000000000064e+00
2.465666666666666451e+00
2.484333333333332838e+00
2.503000000000000114e+00
2.521666666666666501e+00
2.540333333333332888e+00
2.559000000000000163e+00
2.577666666666666551e+00
2.596333333333332938e+00
2.615000000000000213e+00
2.633666666666666600e+00
2.652333333333332988e+00
2.670999999999999375e+00
2.689666666666666650e+00
2.708333333333333037e+00
2.726999999999999424e+00
2.745666666666666700e+00
2.764333333333333087e+00
2.782999999999999474e+00
2.801666666666666750e+00
2.820333333333333137e+00
2.838999999999999524e+00
2.857666666666666799e+00
2.876333333333333186e+00
2.894999999999999574e+00
2.913666666666666849e+00
2.932333333333333236e+00
2.950999999999999623e+00
2.969666666666666011e+00
2.988333333333333286e+00
3.006999999999999673e+00
3.025666666666666060e+00
3.044333333333333336e+00
3.062999999999999723e+00
3.081666666666666110e+00
3.100333333333333385e+00
3.118999999999999773e+00
3.137666666666666160e+00
3.156333333333333435e+00
3.174999999999999822e+00
3.193666666666666210e+00
3.212333333333333485e+00
3.230999999999999872e+00
3.249666666666666259e+00
3.268333333333332646e+00
3.286999999999999922e+00
3.305666666666666309e+00
3.324333333333332696e+00
3.342999999999999972e+00
3.361666666666666359e+00
3.380333333333332746e+00
3.399000000000000021e+00
3.417666666666666409e+00
3.436333333333332796e+00
3.455000000000000071e+00
3.473666666666666458e+00
3.492333333333332845e+00
3.511000000000000121e+00
3.529666666666666508e+00
3.548333333333332895e+00
3.566999999999999282e+00
3.585666666666666558e+00
3.604333333333332945e+00
3.622999999999999332e+00
3.641666666666666607e+00
3.660333333333332995e+00
3.678999999999999382e+00
3.697666666666666657e+00
3.716333333333333044e+00
3.734999999999999432e+00
3.753666666666666707e+00
3.772333333333333094e+00
3.790999999999999481e+00
3.809666666666666757e+00
3.828333333333333144e+00
3.846999999999999531e+00
3.865666666666665918e+00
3.884333333333333194e+00
3.902999999999999581e+00
3.921666666666665968e+00
3.940333333333333243e+00
3.958999999999999631e+00
3.977666666666666018e+00
3.996333333333333293e+00
4.014999999999999680e+00
4.033666666666666956e+00
4.052333333333333343e+00
4.070999999999999730e+00
4.089666666666666117e+00
4.108333333333333393e+00
4.126999999999999780e+00
4.145666666666666167e+00
4.164333333333333442e+00
4.182999999999999829e+00
4.201666666666666217e+00
4.220333333333333492e+00
4.238999999999999879e+00
4.257666666666666266e+00
4.276333333333333542e+00
4.294999999999999929e+00
4.313666666666666316e+00
4.332333333333332703e+00
4.350999999999999979e+00
4.369666666666666366e+00
4.388333333333332753e+00
4.407000000000000028e+00
4.425666666666666416e+00
4.444333333333332803e+00
4.463000000000000078e+00
4.481666666666666465e+00
4.500333333333332853e+00
4.519000000000000128e+00
4.537666666666666515e+00
4.556333333333332902e+00
4.575000000000000178e+00
4.593666666666666565e+00
4.612333333333332952e+00
4.631000000000000227e+00
4.649666666666666615e+00
4.668333333333333002e+00
4.686999999999999389e+00
4.705666666666666664e+00
4.724333333333333051e+00
4.742999999999999439e+00
4.761666666666666714e+00
4.780333333333333101e+00
4.798999999999999488e+00
4.817666666666666764e+00
4.836333333333333151e+00
4.854999999999999538e+00
4.873666666666666814e+00
4.892333333333333201e+00
4.910999999999999588e+00
4.929666666666665975e+00
4.948333333333333250e+00
4.966999999999999638e+00
4.985666666666666025e+00
5.004333333333333300e+00
5.022999999999999687e+00
5.041666666666666075e+00
5.060333333333333350e+00
5.078999999999999737e+00
5.097666666666666124e+00
5.116333333333333400e+00
5.134999999999999787e+00
5.153666666666666174e+00
5.172333333333333449e+00
5.190999999999999837e+00
5.209666666666666224e+00
5.228333333333333499e+00
5.246999999999999886e+00
5.265666666666666273e+00
5.284333333333332661e+00
5.302999999999999936e+00
5.321666666666666323e+00
5.340333333333332710e+00
5.358999999999999986e+00
5.377666666666666373e+00
5.396333333333332760e+00
5.415000000000000036e+00
5.433666666666666423e+00
5.452333333333332810e+00
5.471000000000000085e+00
5.489666666666666472e+00
5.508333333333332860e+00
5.526999999999999247e+00
5.545666666666666522e+00
5.564333333333332909e+00
5.582999999999999297e+00
5.601666666666666572e+00
5.620333333333332959e+00
5.638999999999999346e+00
5.657666666666666622e+00
5.676333333333333009e+00
5.694999999999999396e+00
5.713666666666666671e+00
5.732333333333333059e+00
5.750999999999999446e+00
5.769666666666666721e+00
5.788333333333333108e+00
5.806999999999999496e+00
5.825666666666666771e+00
5.844333333333333158e+00
5.862999999999999545e+00
5.881666666666665932e+00
5.900333333333333208e+00
5.918999999999999595e+00
5.937666666666665982e+00
5.956333333333333258e+00
5.974999999999999645e+00
5.993666666666666032e+00
6.012333333333333307e+00
6.030999999999999694e+00
6.049666666666666082e+00
6.068333333333333357e+00
6.086999999999999744e+00
6.105666666666666131e+00
6.124333333333332519e+00
6.142999999999999794e+00
6.161666666666666181e+00
6.180333333333332568e+00
6.198999999999999844e+00
6.217666666666666231e+00
6.236333333333332618e+00
6.254999999999999893e+00
6.273666666666666281e+00
6.292333333333332668e+00
6.310999999999999943e+00
6.329666666666666330e+00
6.348333333333332718e+00
6.366999999999999993e+00
6.385666666666666380e+00
6.404333333333332767e+00
6.423000000000000043e+00
6.441666666666666430e+00
6.460333333333332817e+00
6.478999999999999204e+00
6.497666666666666480e+00
6.516333333333332867e+00
6.534999999999999254e+00
6.553666666666666529e+00
6.572333333333332916e+00
6.590999999999999304e+00
6.609666666666666579e+00
6.628333333333332966e+00
6.646999999999999353e+00
6.665666666666666629e+00
6.684333333333333016e+00
6.702999999999999403e+00
6.721666666666665790e+00
6.740333333333333066e+00
6.758999999999999453e+00
6.777666666666665840e+00
6.796333333333333115e+00
6.814999999999999503e+00
6.833666666666665890e+00
6.852333333333333165e+00
6.870999999999999552e+00
6.889666666666665940e+00
6.908333333333333215e+00
6.926999999999999602e+00
6.945666666666665989e+00
6.964333333333333265e+00
6.982999999999999652e+00
7.001666666666666039e+00
7.020333333333333314e+00
7.038999999999999702e+00
7.057666666666666089e+00
7.076333333333332476e+00
7.094999999999999751e+00
7.113666666666666138e+00
7.132333333333332526e+00
7.150999999999999801e+00
7.169666666666666188e+00
7.188333333333332575e+00
7.206999999999999851e+00
7.225666666666666238e+00
7.244333333333332625e+00
7.262999999999999901e+00
7.281666666666666288e+00
7.300333333333332675e+00
7.318999999999999062e+00
7.337666666666666337e+00
7.356333333333332725e+00
7.374999999999999112e+00
7.393666666666666387e+00
7.412333333333332774e+00
7.430999999999999162e+00
7.449666666666666437e+00
7.468333333333332824e+00
7.486999999999999211e+00
7.505666666666666487e+00
7.524333333333332874e+00
7.542999999999999261e+00
7.561666666666666536e+00
7.580333333333332924e+00
7.598999999999999311e+00
7.617666666666666586e+00
7.636333333333332973e+00
7.654999999999999361e+00
7.673666666666665748e+00
7.692333333333333023e+00
7.710999999999999410e+00
7.729666666666665797e+00
7.748333333333333073e+00
7.766999999999999460e+00
7.785666666666665847e+00
7.804333333333333123e+00
7.822999999999999510e+00
7.841666666666665897e+00
7.860333333333333172e+00
7.878999999999999559e+00
7.897666666666665947e+00
7.916333333333332334e+00
7.934999999999999609e+00
7.953666666666665996e+00
7.972333333333332384e+00
7.990999999999999659e+00
8.009666666666666046e+00
8.028333333333332433e+00
8.046999999999998820e+00
8.065666666666666984e+00
8.084333333333333371e+00
8.102999999999999758e+00
8.121666666666666146e+00
8.140333333333332533e+00
8.158999999999998920e+00
8.177666666666665307e+00
8.196333333333333471e+00
8.214999999999999858e+00
8.233666666666666245e+00
8.252333333333332632e+00
8.270999999999999019e+00
8.289666666666665407e+00
8.308333333333333570e+00
8.326999999999999957e+00
8.345666666666666345e+00
8.364333333333332732e+00
8.382999999999999119e+00
8.401666666666665506e+00
8.420333333333331893e+00
8.439000000000000057e+00
8.457666666666666444e+00
8.476333333333332831e+00
8.494999999999999218e+00
8.513666666666665606e+00
8.532333333333331993e+00
8.551000000000000156e+00
8.569666666666666544e+00
8.588333333333332931e+00
8.606999999999999318e+00
8.625666666666665705e+00
8.644333333333332092e+00
8.662999999999998479e+00
8.681666666666666643e+00
8.700333333333333030e+00
8.718999999999999417e+00
8.737666666666665805e+00
8.756333333333332192e+00
8.774999999999998579e+00
8.793666666666666742e+00
8.812333333333333130e+00
8.830999999999999517e+00
8.849666666666665904e+00
8.868333333333332291e+00
8.886999999999998678e+00
8.905666666666666842e+00
8.924333333333333229e+00
8.942999999999999616e+00
8.961666666666666003e+00
8.980333333333332391e+00
8.998999999999998778e+00
9.017666666666665165e+00
9.036333333333333329e+00
9.054999999999999716e+00
9.073666666666666103e+00
9.092333333333332490e+00
9.110999999999998877e+00
9.129666666666665265e+00
9.148333333333333428e+00
9.166999999999999815e+00
9.185666666666666202e+00
9.204333333333332590e+00
9.222999999999998977e+00
9.241666666666665364e+00
9.260333333333333528e+00
9.278999999999999915e+00
9.297666666666666302e+00
9.316333333333332689e+00
9.334999999999999076e+00
9.353666666666665463e+00
9.372333333333331851e+00
9.391000000000000014e+00
9.409666666666666401e+00
9.428333333333332789e+00
9.446999999999999176e+00
9.465666666666665563e+00
9.484333333333331950e+00
9.503000000000000114e+00
9.521666666666666501e+00
9.540333333333332888e+00
