       0
       0
       0
       0
       0
       0
       0
       0
       0
       0
       0
       0
       0
       0
       0
       0
       0
       0
       0
       0
       0
       0
       0
       0
       0
       0
       0
       0
       0
       0
       0
       0
       0
       0
       0
       0
       0
       0
       0
       0
       0
       0
       0
       0
       0
       0
       0
       0
       0
       0
       0
       0
       0
       0
       0
       0
       0
       0
       0
       0
       0
       0
       0
       0
       0
       1
       0
       0
       0
       0
       0
       0
       0
       0
       0
       0
       0
       0
       0
       2
       1
       1
       1
       0
       2
       1
       6
       5
       2
      10
      13
      25
      25
      52
      50
      95
     158
     222
     242
     412
   19115
   37037
   37213
   37507
   36989
   36584
   36861
   37667
   38395
   37566
   35685
   35286
   35311
   35681
   35923
   35497
   36751
   37856
   36593
   35454
   34929
   34244
   34507
   34611
   34479
   34109
   33183
   33342
   33292
   33336
   33435
   39769
   58928
   58121
   35776
   31427
   31152
   30712
   30308
   30241
   29911
   30165
   30099
   29400
   29263
   28443
   28331
   28271
   28073
   27662
   27462
   27358
   27318
   27361
   26977
   26647
   26627
   26305
   26449
   26636
   26380
   25906
   25533
   25289
   25430
   25143
   24819
   24468
   25590
   26204
   24755
   23778
   23550
   23263
   23513
   22936
   22854
   22547
   22784
   22486
   22299
   22344
   22411
   22217
   21920
   22353
   21823
   21615
   21461
   21251
   21153
   20733
   20862
   20669
   20585
   20496
   20587
   20975
   21488
   21565
   20195
   19851
   19673
   19583
   19596
   19527
   19146
   18846
   18814
   18887
   18616
   18266
   18510
   18152
   18005
   18034
   18621
   19719
   20027
   18212
   17690
   17286
   17422
   17517
   16967
   17265
   16990
   16492
   16594
   16093
   16341
   15817
   15795
   15974
   17389
   19513
   17688
   16218
   15690
   15560
   15434
   15366
   15046
   15220
   15469
   15435
   14986
   14632
   14439
   14416
   14394
   14210
   14274
   14029
   14188
   13974
   14103
   13965
   13763
   13737
   13987
   13952
   13678
   13602
   13360
   13412
   13224
   13197
   13207
   13113
   13122
   12947
   12834
   12932
   13786
   13349
   13105
   12910
   13131
   12834
   12616
   12579
   12380
   12477
   12383
   12128
   12407
   12081
   12245
   12113
   12044
   12087
   11920
   12155
   11854
   11771
   11864
   11944
   11758
   11806
   11607
   11615
   11673
   11468
   11605
   11597
   11499
   11272
   11428
   11538
   11452
   11283
   11644
   12827
   17479
   23156
   25385
   26156
   26536
   26723
   25824
   24747
   21228
   16068
   11800
   10663
   10553
   10376
   10331
   10787
   10333
   10178
   10844
   12567
   12148
   10744
   10463
   10675
   12966
   21649
   39534
   45951
   28624
   14562
   10385
    9688
    9464
    9190
    9014
    8996
    9009
    8943
    8612
    8974
    8948
    8997
    9069
    8890
    8712
    8920
    9028
    8780
    8695
    8796
    8726
    8863
    8731
    8734
    8769
    8880
    8785
    8770
    8616
    8577
    8782
    9314
   10703
   11334
   11308
   11157
   11169
   10869
   10681
   10807
   10268
   10095
    9999
    9626
    9705
    9865
    9631
    9309
    9090
    9115
    9174
    9412
   11614
   17749
   21477
   19714
   19466
   19490
   18870
   17699
   17026
   17397
   17081
   16076
   14878
   14128
   13518
   13328
   12903
   12191
   12000
   11451
   11041
   10909
   10624
   10342
   10239
   10145
   10292
   10049
    9694
    9615
    9659
    9561
    9370
    9122
    9158
    8977
    8883
    9052
    9092
    8689
    8358
    8018
    8075
    8022
    8155
    8135
    8042
    7905
    7757
    7766
    7882
    7689
    7788
    7607
    7576
    7504
    7644
    7510
    7349
    7280
    7223
    7399
    7297
    7363
    8310
   11188
   14274
   15016
   14506
   13887
   13338
   12797
   12466
   11742
   11385
   11270
   11496
   10599
    9181
    8759
    8194
    8030
    7767
    7555
    7345
    7238
    6998
    6961
    6918
    6840
    6818
    6650
    6639
    6381
    6494
    6461
    6445
    6410
    6343
    6238
    6375
    6273
    6597
    6538
    6405
    6155
    6206
    6113
    6157
    6247
    6180
    6020
    5992
    5915
    6098
    6022
    6129
    6241
    6272
    6004
    5777
    5918
    6003
    5893
    6095
    5886
    6071
    6061
    6054
    5997
    6012
    5928
    5896
    5781
    5956
    5562
    5779
    5796
    5789
    5674
    5541
    5620
    5760
    5955
    5953
    5730
    5537
    5490
    5572
    5493
    5571
    5562
    5551
    5624
    5553
    5670
    5675
    6040
    6453
    6376
    7106
    8127
    8784
    8892
    9114
    9866
   13194
   23983
   49772
   46490
   16397
    8311
    7646
    7296
    6817
    6737
    6482
    6247
    6244
    6014
    5856
    6289
    7225
    7563
    6356
    5865
    6096
    5661
    5634
    5430
    5373
    5370
    5370
    5421
    5270
    5261
    5221
    5144
    5180
    5402
    6726
    9308
    8650
    6187
    5192
    4931
    4962
    4843
    4833
    4995
    4896
    5152
    4951
    4843
    4836
    4654
    5051
    5668
    5988
    5210
    4710
    4650
    4836
    4810
    4867
    5165
    4795
    4663
    4573
    4501
    4430
    4420
    4422
    4587
    4420
    4473
    4411
    4430
    4359
    4274
    4380
    4434
    4307
    4540
    4727
    4967
    4554
    4322
    4375
    4375
    4393
    4193
    4167
    4200
    4323
    4451
    4166
    4355
    4179
    4676
    4661
    4341
    4184
    4332
    4608
    5236
    4900
    4466
    4454
    4228
    4302
    4276
    4116
    4237
    4580
    4900
    4628
    4307
    4920
    6692
    8016
    6114
    4777
    4532
    4262
    3998
    4034
    3952
    3972
    3921
    3965
    3942
    4055
    4061
    4386
    5115
    5383
    5077
    5021
    5173
    5193
    5223
    5165
    5135
    4948
    4882
    4909
    4862
    4764
    4703
    4632
    4474
    4471
    4511
    4604
    4242
    4118
    4145
    4001
    3963
    4087
    4026
    3891
    3883
    3893
    3772
    3645
    3801
    3972
    3923
    3833
    3779
    3909
    4237
    4618
    4280
    4012
    4019
    3988
    3800
    3833
    3696
    3650
    3646
    3727
    3675
    3872
    3926
    3812
    3816
    3907
    3928
    3818
    3720
    3671
    3714
    3901
    4150
    4335
    4213
    3808
    3632
    3938
    4024
    3747
    3513
    3415
    3405
    3436
    3409
    3399
    3385
    3456
    3475
    3676
    3570
    3474
    3384
    3320
    3588
    3609
    3358
    3368
    3212
    3398
    3484
    3540
    3542
    3270
    3213
    3219
    3261
    3314
    3279
    3208
    3307
    3220
    3191
    3158
    3186
    3382
    3434
    3441
    3337
    3400
    3811
    4328
    4135
    3845
    3809
    3875
    3968
    3881
    3926
    3867
    3889
    3798
    3809
    3716
    3669
    3618
    3592
    3656
    3663
    3558
    3569
    3792
    4977
    8603
   11052
    6661
    3777
    3476
    3352
    3316
    3331
    3223
    3157
    3168
    3214
    2972
    3230
    3074
    3330
    3285
    3220
    3096
    2941
    3080
    3123
    3030
    3188
    3308
    3040
    2995
    3121
    3004
    2927
    2934
    2977
    2936
    2960
    3166
    3248
    3216
    3236
    3402
    3133
    3258
    3491
    3313
    3440
    3848
    3421
    3112
    2886
    2913
    3029
    2958
    3000
    3091
    3120
    2988
    2809
    2817
    2840
    2901
    2995
    2901
    2898
    2806
    3013
    3050
    3100
    2985
    2790
    2874
    2853
    2786
    2746
    2765
    2876
    2809
    2822
    2835
    2752
    2787
    2772
    2757
    2892
    2843
    2846
    2838
    2752
    2840
    2929
    2874
    2819
    2672
    2716
    2869
    2830
    3066
    2990
    2878
    2700
    2653
    2719
    2628
    2643
    2599
    2688
    2589
    2678
    2616
    2589
    2624
    2619
    2697
    2601
    2775
    3421
    3929
    3440
    2774
    2743
    2637
    2596
    2703
    2635
    2588
    2672
    2631
    2620
    2614
    2575
    2667
    2734
    2945
    3076
    2889
    2695
    2566
    2562
    2628
    2483
    2509
    2518
    2599
    2490
    2561
    2658
    2632
    2726
    2636
    2743
    3271
    3815
    3730
    3515
    3144
    2752
    2729
    2775
    2912
    2879
    2716
    2698
    2634
    2678
    2775
    2766
    2653
    2755
    2671
    2681
    2718
    2614
    2682
    2549
    2551
    2764
    2572
    2553
    2730
    2750
    2601
    2663
    2652
    2686
    2542
    2549
    2462
    2534
    2505
    2408
    2410
    2372
    2418
    2555
    2608
    2717
    2618
    2518
    2439
    2418
    2500
    2413
    2399
    2414
    2442
    2367
    2512
    2645
    2745
    2676
    2409
    2435
    2416
    2441
    2373
    2373
    2494
    2378
    2392
    2331
    2316
    2354
    2323
    2413
    2375
    2332
    2303
    2286
    2223
    2415
    2329
    2308
    2296
    2343
    2346
    2308
    2257
    2295
    2155
    2341
    2298
    2316
    2406
    2336
    2318
    2310
    2331
    2627
    3920
    5825
    5665
    3636
    3007
    2768
    2295
    2183
    2260
    2172
    2224
    2212
    2235
    2078
    2176
    2255
    2125
    2147
    2097
    2097
    2153
    2150
    2196
    2162
    2065
    2032
    2120
    2077
    2087
    2085
    2142
    2014
    2150
    2069
    2092
    2058
    2078
    2034
    2083
    2008
    2086
    2189
    2404
    2518
    2326
    2218
    2078
    2050
    2011
    2039
    2066
    1950
    2101
    2158
    2185
    2128
    2034
    2050
    2081
    2229
    2400
    2444
    2289
    2237
    2093
    2163
    2160
    2083
    2221
    2188
    2352
    2385
    2255
    2357
    2353
    2200
    2380
    2505
    2717
    2929
    2657
    2315
    2162
    2157
    2068
    2089
    2062
    2109
    2073
    2095
    2120
    2093
    1969
    2007
    2022
    2107
    2051
    2041
    2025
    2105
    2117
    2070
    1969
    2099
    2060
    2204
    2155
    2031
    2119
    2250
    2146
    2252
    2323
    2779
    3734
    4404
    3242
    2286
    2033
    2092
    1986
    2003
    1911
    2007
    1838
    1903
    1958
    1987
    1986
    2024
    1963
    1962
    2092
    2258
    2649
    3249
    3364
    3041
    2411
    2226
    1998
    1909
    1893
    1868
    1909
    1831
    1850
    1880
    1872
    1877
    1824
    1819
    1905
    1841
    1863
    1841
    1750
    1789
    1805
    1902
    1918
    1890
    1908
    1999
    1876
    1886
    1854
    1859
    1820
    1845
    1794
    1802
    1865
    1856
    1846
    1775
    1853
    1813
    1814
    1764
    1776
    1790
    1854
    1789
    1820
    1810
    1898
    1799
    1801
    1813
    1780
    1768
    1774
    1738
    1771
    1791
    1787
    1739
    1786
    1805
    1772
    1782
    1728
    1721
    1833
    1795
    1785
    1858
    1788
    1806
    1749
    1757
    1859
    1853
    1843
    1809
    1784
    1756
    1730
    1788
    1824
    2001
    2130
    2469
    2766
    2237
    1873
    1808
    1867
    1902
    1770
    1800
    1797
    1843
    1831
    1841
    1804
    1804
    1809
    1924
    1829
    1709
    1731
    1810
    1768
    1841
    1789
    1764
    1819
    1782
    1904
    1731
    1708
    1681
    1709
    1674
    1620
    1639
    1658
    1714
    1730
    1678
    1722
    1802
    1690
    1693
    1669
    1727
    1833
    1812
    1720
    1753
    1761
    1739
    1759
    1661
    1726
    1643
    1664
    1694
    1680
    1670
    1695
    1731
    1810
    1830
    1834
    1656
    1700
    1654
    1664
    1637
    1607
    1555
    1621
    1577
    1674
    1614
    1549
    1576
    1531
    1567
    1629
    1603
    1700
    1722
    1688
    1689
    1641
    1667
    1659
    1637
    1675
    1584
    1655
    1692
    1642
    1639
    1661
    1656
    1706
    1617
    1673
    1718
    1861
    1883
    1736
    1676
    1660
    1558
    1574
    1569
    1608
    1653
    1602
    1696
    1907
    2140
    2115
    1973
    1721
    1661
    1532
    1528
    1495
    1511
    1551
    1520
    1586
    1563
    1550
    1551
    1557
    1448
    1588
    1525
    1536
    1542
    1591
    1513
    1519
    1535
    1482
    1532
    1544
    1495
    1506
    1473
    1544
    1578
    1531
    1580
    1558
    1584
    1540
    1489
    1506
    1507
    1553
    1510
    1512
    1476
    1577
    1543
    1473
    1503
    1496
    1502
    1552
    1576
    1510
    1586
    1566
    1573
    1574
    1590
    1579
    1611
    1759
    1774
    1924
    1970
    1993
    1998
    1926
    1895
    1858
    1767
    1970
    2400
    3485
    4009
    2873
    1818
    1594
    1524
    1620
    1467
    1461
    1496
    1464
    1544
    1502
    1466
    1483
    1431
    1472
    1476
    1510
    1432
    1491
    1440
    1508
    1448
    1475
    1448
    1428
    1345
    1380
    1382
    1448
    1426
    1522
    1601
    1651
    1667
    1631
    1512
    1470
    1420
    1465
    1478
    1463
    1398
    1446
    1487
    1520
    1415
    1387
    1422
    1461
    1479
    1438
    1441
    1439
    1393
    1479
    1434
    1392
    1429
    1428
    1370
    1451
    1429
    1413
    1479
    1424
    1421
    1389
    1363
    1446
    1438
    1341
    1385
    1343
    1358
    1332
    1371
    1419
    1423
    1416
    1409
    1306
    1361
    1387
    1438
    1415
    1431
    1362
    1319
    1333
    1384
    1367
    1267
    1391
    1350
    1389
    1348
    1313
    1459
    1422
    1391
    1405
    1341
    1357
    1377
    1336
    1306
    1337
    1336
    1367
    1347
    1406
    1387
    1309
    1301
    1338
    1378
    1310
    1303
    1372
    1334
    1253
    1253
    1273
    1358
    1320
    1300
    1320
    1411
    1375
    1373
    1337
    1297
    1338
    1335
    1404
    1371
    1338
    1319
    1326
    1326
    1355
    1291
    1301
    1263
    1301
    1350
    1298
    1312
    1323
    1298
    1310
    1271
    1360
    1255
    1249
    1220
    1335
    1277
    1320
    1311
    1340
    1279
    1386
    1359
    1391
    1322
    1281
    1298
    1284
    1208
    1323
    1312
    1330
    1333
    1274
    1263
    1305
    1358
    1530
    1472
    1400
    1273
    1305
    1309
    1308
    1368
    1277
    1233
    1265
    1254
    1298
    1212
    1292
    1296
    1294
    1319
    1332
    1365
    1400
    1476
    1448
    1459
    1440
    1269
    1230
    1249
    1270
    1313
    1305
    1264
    1202
    1209
    1240
    1279
    1188
    1195
    1227
    1240
    1249
    1281
    1256
    1216
    1272
    1215
    1277
    1356
    1438
    1388
    1280
    1289
    1195
    1263
    1277
    1244
    1240
    1279
    1311
    1311
    1269
    1234
    1241
    1232
    1213
    1243
    1292
    1262
    1305
    1296
    1517
    1729
    1783
    1606
    1378
    1274
    1296
    1233
    1252
    1249
    1394
    1399
    1443
    1385
    1197
    1224
    1148
    1201
    1203
    1165
    1149
    1184
    1179
    1128
    1118
    1102
    1200
    1165
    1196
    1153
    1218
    1159
    1161
    1125
    1197
    1087
    1199
    1121
    1165
    1197
    1211
    1166
    1219
    1144
    1163
    1153
    1161
    1160
    1125
    1154
    1132
    1148
    1171
    1191
    1112
    1145
    1124
    1138
    1138
    1135
    1121
    1157
    1122
    1164
    1187
    1190
    1209
    1173
    1170
    1133
    1228
    1159
    1118
    1153
    1174
    1155
    1201
    1158
    1188
    1147
    1195
    1167
    1230
    1218
    1202
    1169
    1148
    1209
    1078
    1150
    1172
    1163
    1203
    1276
    1270
    1579
    1688
    1514
    1325
    1063
    1155
    1100
    1126
    1215
    1264
    1213
    1171
    1183
    1210
    1197
    1213
    1124
    1082
    1147
    1107
    1142
    1140
    1096
    1060
    1102
    1068
    1075
    1159
    1115
    1123
    1135
    1116
    1176
    1111
    1024
    1076
    1026
    1043
    1101
    1070
    1081
    1094
    1072
    1034
    1046
    1084
    1133
    1068
    1080
    1124
    1079
    1114
    1043
    1072
    1052
    1106
    1110
    1171
    1110
    1146
    1149
    1181
    1126
    1129
    1087
    1077
    1087
    1075
    1051
    1105
    1051
    1037
    1051
    1024
    1077
    1004
    1076
    1031
    1098
    1058
    1092
    1052
    1087
    1085
     985
    1021
     987
    1095
    1040
    1045
    1008
    1082
    1042
     978
    1004
    1044
    1060
     994
    1034
    1006
    1051
    1017
     980
     981
     979
    1059
    1020
    1035
    1052
    1072
     966
    1063
     990
    1050
    1022
     988
    1022
     956
     992
     987
    1004
    1009
    1060
    1017
    1057
    1004
    1011
     968
     938
     992
    1063
    1083
    1013
    1024
    1047
    1013
    1060
    1031
     970
     993
    1066
    1029
    1030
    1001
    1052
    1063
    1035
    1063
    1083
     985
    1007
     970
     983
    1035
    1025
    1027
    1043
     992
     995
    1068
    1077
    1055
    1103
    1116
    1125
    1099
    1015
    1000
    1052
    1125
    1116
    1091
    1097
    1109
    1070
    1063
    1151
    1108
    1111
    1104
    1065
    1068
    1094
    1019
    1040
     966
     964
    1008
     940
    1021
    1053
    1060
     987
     995
    1008
     982
    1058
    1031
     962
     936
     927
     942
     926
     962
     959
     979
     993
     905
     910
     970
     923
    1016
    1012
     979
     981
    1044
    1016
    1012
     931
    1003
     977
     970
     961
     929
     952
     893
     906
     917
     923
     959
     976
     948
    1015
     987
    1069
     988
     988
     948
     969
     944
     954
     999
    1023
    1013
     925
     966
     917
     924
     933
     863
     959
     899
     900
     876
     983
     896
     940
     981
     949
     957
     885
     947
     970
     930
     956
     892
     900
     900
     908
     893
     952
     924
     873
     988
     971
     928
     969
     988
     889
     963
     908
     878
     883
     933
     949
     982
     931
     911
     860
     988
     928
     900
     895
     909
     905
     949
     932
     956
     954
     934
     939
     964
     931
     938
     949
     968
     952
     992
     970
    1035
     996
     941
     906
     915
     901
     927
     919
     918
     941
     907
     886
     915
     881
     927
     968
     913
     839
     893
     851
     930
     862
     833
     929
     944
     887
     910
     857
     867
     943
     894
     910
     967
    1008
     918
     968
     924
     923
     926
     909
     890
     923
     942
     948
     956
     932
     923
     905
     885
     846
     854
     862
     814
     919
     862
     906
     855
     851
     801
     869
     854
     881
     904
     838
     909
     886
     878
     870
     835
     860
     847
     898
     859
     854
     822
     834
     900
     790
     841
     838
     815
     842
     849
     841
     844
     841
     857
     812
     847
     859
     909
     857
     912
     922
     906
     872
     850
     894
     862
     863
     782
     858
     822
     879
     893
     829
     853
     862
     846
     846
     879
     918
     901
     882
     851
     900
     930
     857
     931
     848
     875
     890
     825
     889
     861
     985
     861
     873
     915
     891
     910
     876
     917
     894
     872
     867
     935
     903
     898
     967
     951
     860
     885
     875
     860
     880
     852
     912
     883
     796
     896
     844
     883
     876
     911
     935
     915
     946
     859
     879
     852
     897
     915
     955
     927
     948
     937
     887
     842
     824
     878
     779
     786
     850
     804
     866
     842
     787
     869
     832
     872
     849
     882
     811
     826
     807
     825
     824
     834
     827
     841
     795
     784
     814
     790
     853
     786
     796
     843
     860
     847
     840
     804
     852
     799
     785
     793
     752
     789
     835
     756
     816
     814
     805
     789
     777
     788
     803
     782
     798
     833
     897
     921
     923
    1086
    1054
     899
     849
     804
     828
     877
     836
     804
     773
     843
     783
     783
     792
     821
     805
     794
     797
     788
     804
     761
     782
     788
     760
     805
     805
     766
     815
     816
     767
     799
     827
     821
     829
     743
     846
     751
     782
     794
     831
     902
     880
     891
     812
     851
     808
     823
     905
     816
     780
     745
     791
     758
     788
     769
     798
     765
     781
     806
     763
     783
     816
     761
     790
     748
     709
     721
     798
     801
     750
     728
     756
     757
     737
     821
     782
     775
     733
     819
     739
     788
     784
     783
     798
     862
     823
     818
     764
     745
     761
     772
     775
     751
     799
     799
     762
     825
     876
     792
     759
     758
     770
     785
     823
     756
     731
     780
     786
     831
     739
     790
     794
     819
     819
     754
     779
     731
     729
     720
     672
     734
     820
     718
     739
     746
     680
     743
     685
     795
     804
     781
     834
     872
     773
     723
     663
     730
     732
     749
     711
     732
     703
     727
     750
     703
     748
     780
     732
     753
     751
     810
     762
     712
     737
     740
     712
     718
     712
     752
     682
     779
     685
     739
     706
     722
     740
     780
     736
     753
     645
     690
     704
     759
     757
     725
     722
     694
     725
     737
     702
     716
     757
     704
     694
     674
     706
     720
     707
     706
     695
     703
     699
     715
     695
     707
     756
     727
     684
     735
     720
     699
     747
     709
     734
     717
     761
     742
     760
     749
     823
     833
     809
     699
     709
     695
     750
     706
     696
     703
     696
     712
     734
     702
     730
     724
     765
     700
     700
     733
     715
     711
     705
     661
     780
     740
     741
     785
     765
     760
     717
     748
     750
     720
     787
     763
     754
     809
     828
     859
     790
     803
     780
     726
     753
     818
     791
     768
     719
     736
     782
     824
     817
     782
     748
     746
     778
     741
     796
     795
     757
     793
     763
     782
     800
     761
     797
     750
     792
     758
     729
     727
     745
     747
     768
     739
     701
     742
     740
     676
     697
     693
     692
     694
     708
     749
     740
     714
     708
     718
     693
     702
     685
     672
     699
     647
     641
     726
     737
     683
     682
     678
     677
     677
     709
     676
     717
     709
     689
     676
     666
     630
     659
     649
     660
     616
     687
     679
     704
     654
     678
     682
     689
     659
     666
     656
     688
     649
     612
     644
     710
     700
     658
     687
     697
     663
     694
     672
     642
     664
     651
     678
     643
     666
     648
     639
     677
     660
     622
     659
     652
     689
     643
     659
     694
     677
     662
     681
     684
     628
     662
     638
     696
     642
     650
     640
     663
     646
     655
     653
     657
     643
     684
     680
     656
     662
     677
     667
     670
     653
     679
     670
     633
     672
     673
     620
     707
     643
     701
     680
     690
     636
     638
     627
     658
     682
     632
     629
     639
     616
     647
     614
     680
     630
     615
     651
     689
     633
     669
     663
     696
     677
     658
     623
     652
     626
     686
     646
     617
     640
     661
     627
     614
     672
     592
     655
     645
     631
     663
     619
     638
     640
     651
     605
     613
     626
     650
     680
     631
     639
     638
     693
     691
     738
     825
     733
     661
     630
     625
     588
     601
     617
     638
     651
     617
     605
     647
     611
     599
     585
     604
     590
     564
     603
     639
     616
     624
     610
     599
     602
     591
     569
     624
     598
     610
     577
     588
     575
     599
     570
     620
     595
     610
     600
     573
     607
     594
     597
     545
     580
     596
     584
     568
     586
     576
     560
     583
     580
     588
     585
     599
     543
     563
     513
     499
     587
     543
     559
     518
     525
     528
     503
     522
     562
     559
     554
     525
     567
     514
     543
     552
     554
     524
     533
     536
     517
     567
     562
     532
     587
     532
     559
     551
     542
     511
     505
     511
     550
     534
     561
     531
     536
     546
     513
     488
     538
     532
     584
     539
     549
     549
     570
     557
     579
     599
     537
     551
     597
     587
     585
     591
     548
     575
     607
     576
     646
     584
     611
     627
     641
     669
     635
     633
     609
     618
     654
     710
     693
     749
     788
     732
     766
     726
     715
     694
     637
     653
     665
     681
     681
     738
     759
     692
     667
     715
     721
     705
     697
     674
     727
     675
     692
     712
     714
     653
     658
     648
     654
     671
     599
     666
     658
     639
     601
     578
     585
     606
     586
     604
     592
     537
     598
     561
     533
     555
     559
     553
     570
     554
     531
     554
     541
     568
     492
     502
     538
     524
     504
     537
     487
     536
     502
     482
     512
     513
     463
     509
     493
     501
     485
     500
     491
     483
     493
     482
     495
     428
     499
     521
     520
     507
     500
     442
     457
     469
     470
     495
     485
     510
     482
     508
     485
     456
     468
     500
     457
     448
     485
     464
     503
     484
     456
     473
     479
     478
     485
     461
     487
     462
     495
     537
     489
     466
     450
     448
     498
     468
     461
     477
     457
     448
     439
     418
     468
     400
     480
     476
     430
     450
     448
     478
     434
     482
     453
     455
     461
     461
     456
     473
     447
     450
     457
     417
     457
     487
     454
     477
     492
     470
     450
     442
     451
     447
     451
     465
     490
     445
     455
     472
     453
     463
     443
     455
     460
     436
     453
     457
     440
     403
     456
     449
     476
     462
     459
     437
     478
     479
     459
     473
     450
     500
     473
     468
     433
     464
     426
     496
     444
     458
     419
     453
     481
     490
     481
     470
     443
     464
     494
     408
     450
     483
     451
     471
     448
     473
     440
     489
     455
     450
     465
     465
     444
     417
     428
     432
     433
     447
     484
     479
     436
     448
     406
     442
     453
     467
     401
     435
     425
     470
     460
     449
     448
     427
     433
     460
     399
     429
     442
     431
     441
     417
     438
     439
     450
     400
     452
     402
     414
     464
     438
     442
     422
     404
     441
     434
     461
     474
     441
     504
     478
     502
     462
     382
     397
     425
     436
     471
     416
     409
     421
     453
     478
     417
     421
     419
     441
     432
     436
     426
     441
     422
     430
     425
     423
     430
     410
     435
     443
     437
     456
     433
     399
     437
     415
     424
     452
     429
     421
     465
     472
     439
     418
     424
     410
     409
     502
     427
     441
     444
     434
     406
     452
     436
     404
     422
     383
     436
     486
     531
     560
     485
     466
     443
     418
     413
     395
     431
     402
     414
     436
     410
     417
     433
     403
     418
     402
     468
     410
     470
     475
     509
     547
     582
     506
     486
     433
     459
     423
     401
     409
     433
     457
     455
     458
     446
     421
     403
     410
     410
     395
     438
     444
     466
     425
     407
     410
     448
     416
     393
     457
     432
     430
     432
     390
     414
     409
     430
     419
     405
     381
     445
     440
     455
     524
     505
     468
     421
     431
     467
     446
     419
     425
     458
     415
     447
     449
     403
     413
     417
     406
     371
     401
     428
     370
     392
     442
     420
     426
     390
     417
     439
     390
     397
     464
     422
     453
     402
     431
     427
     405
     376
     395
     394
     408
     388
     404
     419
     408
     418
     401
     421
     438
     380
     450
     419
     412
     468
     406
     390
     385
     428
     420
     366
     420
     400
     387
     434
     412
     395
     435
     444
     412
     405
     390
     458
     459
     542
     557
     521
     492
     466
     406
     412
     403
     401
     397
     396
     426
     413
     392
     401
     354
     404
     413
     387
     407
     422
     400
     428
     443
     372
     406
     438
     422
     427
     402
     386
     384
     404
     390
     425
     401
     410
     412
     378
     411
     419
     374
     442
     408
     373
     430
     404
     389
     421
     406
     385
     428
     443
     392
     425
     400
     408
     405
     381
     398
     415
     403
     368
     427
     428
     424
     385
     391
     414
     394
     352
     438
     398
     404
     393
     389
     414
     417
     420
     434
     422
     417
     413
     454
     431
     419
     447
     396
     405
     409
     402
     427
     393
     414
     400
     392
     378
     406
     374
     399
     386
     426
     426
     405
     379
     427
     418
     383
     391
     386
     400
     387
     423
     446
     401
     430
     392
     359
     403
     384
     401
     412
     410
     400
     361
     403
     366
     370
     374
     384
     400
     402
     413
     386
     385
     389
     361
     367
     369
     405
     394
     381
     382
     403
     392
     416
     430
     354
     381
     403
     402
     375
     389
     373
     352
     386
     386
     394
     408
     362
     384
     372
     399
     436
     369
     402
     409
     373
     385
     396
     376
     390
     373
     368
     390
     398
     413
     402
     386
     393
     390
     401
     378
     431
     379
     403
     396
     434
     403
     347
     425
     403
     398
     417
     455
     474
     455
     447
     408
     398
     448
     490
     518
     574
     487
     479
     435
     389
     402
     433
     398
     415
     402
     401
     397
     376
     404
     422
     382
     385
     373
     387
     380
     378
     383
     405
     378
     384
     408
     418
     397
     432
     381
     366
     372
     372
     349
     346
     382
     424
     416
     397
     391
     412
     382
     382
     356
     391
     373
     399
     381
     417
     404
     407
     406
     392
     367
     368
     373
     378
     387
     403
     373
     402
     394
     435
     463
     481
     559
     498
     492
     433
     362
     381
     413
     422
     370
     380
     384
     379
     398
     372
     435
     366
     370
     379
     385
     381
     349
     393
     396
     376
     394
     355
     355
     373
     363
     380
     358
     334
     336
     367
     391
     408
     396
     362
     349
     393
     385
     345
     375
     327
     353
     365
     337
     347
     370
     361
     350
     376
     387
     377
     345
     403
     341
     341
     372
     389
     425
     403
     372
     389
     408
     361
     417
     402
     397
     410
     464
     426
     531
     589
     647
     537
     456
     380
     393
     353
     367
     363
     371
     362
     374
     318
     392
     376
     372
     361
     379
     376
     363
     350
     324
     327
     371
     399
     371
     359
     344
     333
     372
     388
     367
     370
     392
     352
     361
     371
     382
     337
     339
     366
     332
     340
     343
     381
     361
     338
     359
     378
     348
     345
     374
     404
     370
     375
     358
     345
     402
     382
     371
     402
     357
     347
     363
     371
     339
     357
     368
     350
     347
     321
     343
     361
     378
     365
     351
     358
     341
     359
     373
     358
     397
     391
     361
     368
     353
     365
     363
     323
     336
     376
     383
     376
     341
     361
     365
     351
     358
     326
     363
     311
     327
     365
     354
     324
     330
     344
     343
     344
     332
     344
     312
     399
     347
     317
     369
     345
     335
     357
     349
     323
     343
     340
     364
     308
     336
     367
     390
     380
     347
     333
     370
     358
     350
     377
     340
     354
     343
     333
     304
     378
     320
     330
     354
     347
     339
     357
     356
     344
     344
     368
     374
     326
     324
     353
     400
     335
     320
     349
     361
     330
     350
     351
     325
     339
     335
     336
     329
     374
     357
     349
     326
     334
     345
     361
     317
     344
     336
     340
     304
     297
     343
     328
     322
     345
     312
     321
     329
     323
     354
     387
     336
     373
     396
     451
     474
     404
     404
     392
     391
     390
     461
     535
     548
     449
     355
     339
     301
     311
     298
     306
     328
     305
     328
     350
     314
     290
     288
     297
     294
     333
     300
     324
     274
     302
     315
     295
     329
     283
     311
     313
     311
     292
     310
     320
     310
     321
     313
     308
     320
     309
     309
     311
     295
     297
     295
     317
     329
     302
     333
     340
     352
     387
     308
     311
     316
     296
     271
     273
     287
     312
     294
     311
     333
     308
     365
     419
     482
     503
     473
     394
     302
     314
     309
     330
     314
     318
     292
     300
     283
     281
     266
     305
     349
     296
     321
     318
     304
     298
     292
     266
     329
     277
     251
     296
     287
     305
     314
     314
     281
     297
     299
     283
     304
     294
     283
     299
     289
     300
     322
     300
     295
     297
     297
     308
     358
     308
     304
     314
     271
     284
     270
     308
     291
     319
     308
     309
     335
     335
     330
     322
     349
     349
     344
     353
     301
     317
     315
     345
     444
     512
     582
     589
     463
     341
     295
     275
     282
     290
     273
     278
     295
     302
     306
     267
     261
     262
     271
     285
     255
     296
     269
     297
     250
     282
     269
     266
     258
     288
     275
     286
     287
     300
     285
     256
     288
     302
     293
     261
     262
     255
     312
     273
     262
     303
     275
     300
     326
     300
     329
     270
     297
     320
     332
     270
     301
     289
     270
     298
     289
     268
     281
     291
     269
     294
     261
     262
     293
     243
     300
     259
     263
     292
     278
     254
     251
     260
     277
     276
     269
     295
     291
     302
     309
     330
     307
     297
     327
     302
     289
     283
     287
     263
     276
     272
     267
     305
     299
     265
     288
     305
     252
     256
     278
     236
     266
     257
     250
     258
     280
     263
     255
     249
     293
     265
     249
     259
     244
     261
     271
     250
     229
     270
     274
     277
     250
     278
     269
     269
     296
     287
     276
     281
     281
     273
     266
     253
     261
     250
     250
     243
     268
     270
     266
     244
     263
     243
     244
     266
     278
     243
     257
     259
     250
     269
     279
     300
     264
     244
     284
     278
     279
     265
     275
     243
     282
     279
     272
     318
     289
     268
     305
     280
     257
     293
     258
     307
     325
     310
     259
     277
     275
     291
     254
     275
     269
     294
     277
     259
     265
     252
     284
     294
     357
     355
     376
     410
     316
     266
     263
     252
     263
     270
     254
     259
     236
     260
     238
     276
     260
     238
     277
     242
     246
     243
     272
     265
     223
     256
     254
     240
     263
     270
     237
     256
     238
     260
     250
     231
     240
     258
     227
     256
     244
     268
     248
     233
     243
     233
     252
     243
     270
     262
     253
     255
     241
     251
     253
     259
     261
     305
     303
     281
     281
     245
     271
     267
     239
     220
     249
     222
     203
     227
     241
     252
     268
     252
     255
     216
     226
     269
     228
     267
     226
     265
     259
     272
     245
     224
     227
     243
     229
     228
     233
     225
     203
     229
     250
     253
     246
     249
     223
     225
     265
     239
     249
     261
     258
     257
     233
     244
     252
     232
     226
     241
     230
     248
     230
     247
     222
     222
     233
     233
     215
     225
     260
     238
     268
     259
     301
     342
     456
     485
     438
     365
     298
     293
     287
     268
     337
     387
     422
     447
     366
     336
     276
     247
     207
     252
     245
     237
     290
     257
     229
     269
     262
     246
     240
     266
     250
     261
     245
     237
     246
     243
     226
     235
     245
     244
     234
     250
     254
     273
     224
     239
     233
     246
     229
     255
     261
     264
     244
     232
     203
     261
     243
     251
     224
     247
     215
     249
     233
     254
     265
     281
     294
     274
     271
     261
     282
     281
     283
     263
     256
     261
     269
     233
     266
     207
     240
     245
     246
     227
     258
     232
     242
     218
     260
     261
     251
     238
     240
     241
     214
     241
     239
     217
     257
     227
     238
     249
     256
     292
     240
     264
     268
     291
     292
     312
     347
     263
     245
     227
     224
     239
     219
     252
     237
     238
     235
     240
     241
     262
     220
     222
     237
     251
     241
     244
     220
     222
     217
     245
     229
     238
     231
     227
     219
     229
     228
     243
     216
     230
     223
     238
     227
     240
     214
     231
     238
     185
     199
     242
     241
     239
     231
     242
     253
     226
     241
     216
     244
     263
     242
     219
     243
     223
     227
     251
     191
     211
     215
     235
     235
     238
     257
     253
     236
     232
     213
     219
     245
     217
     238
     219
     207
     214
     224
     214
     246
     242
     230
     218
     242
     254
     231
     268
     316
     303
     303
     273
     255
     225
     262
     234
     279
     246
     250
     218
     248
     204
     215
     210
     206
     190
     205
     206
     219
     225
     218
     232
     232
     224
     241
     211
     243
     216
     232
     230
     248
     213
     219
     206
     234
     220
     215
     234
     230
     202
     223
     197
     202
     256
     214
     228
     227
     207
     191
     239
     184
     222
     204
     186
     223
     190
     197
     220
     203
     206
     197
     209
     216
     195
     185
     197
     182
     187
     188
     187
     189
     204
     176
     203
     226
     195
     216
     210
     202
     193
     184
     196
     193
     187
     186
     200
     180
     178
     198
     186
     185
     184
     200
     188
     197
     177
     185
     173
     209
     236
     195
     177
     185
     193
     218
     196
     200
     186
     170
     198
     179
     184
     181
     178
     185
     179
     192
     187
     164
     194
     190
     209
     189
     200
     186
     201
     185
     188
     200
     180
     206
     169
     167
     208
     188
     228
     210
     214
     233
     254
     282
     410
     514
     607
     596
     503
     379
     289
     235
     264
     315
     395
     514
     541
     496
     391
     277
     239
     177
     182
     225
     178
     193
     176
     162
     196
     175
     192
     178
     167
     179
     187
     196
     180
     177
     189
     150
     145
     184
     182
     196
     173
     164
     188
     170
     173
     159
     178
     199
     167
     169
     172
     185
     166
     178
     179
     161
     179
     158
     179
     174
     185
     207
     221
     200
     232
     239
     211
     189
     167
     181
     189
     173
     183
     161
     175
     159
     191
     170
     189
     186
     154
     171
     157
     176
     182
     162
     171
     175
     153
     183
     164
     180
     165
     161
     163
     187
     172
     147
     173
     170
     160
     171
     175
     184
     155
     206
     193
     238
     260
     230
     212
     180
     168
     174
     138
     162
     174
     173
     165
     172
     168
     137
     162
     141
     155
     170
     188
     152
     161
     175
     150
     153
     164
     153
     159
     131
     162
     154
     145
     150
     154
     165
     146
     155
     141
     170
     145
     136
     138
     146
     182
     166
     158
     170
     167
     154
     155
     161
     157
     166
     162
     155
     163
     168
     175
     138
     143
     167
     143
     154
     155
     144
     147
     157
     159
     147
     159
     141
     131
     145
     134
     145
     137
     175
     154
     150
     154
     151
     139
     167
     165
     172
     167
     204
     181
     196
     171
     189
     233
     217
     232
     189
     159
     123
     133
     139
     148
     146
     139
     147
     145
     135
     131
     119
     133
     129
     137
     127
     120
     150
     155
     147
     140
     135
     133
     135
     130
     127
     142
     129
     128
     146
     137
     168
     115
     129
     128
     111
     132
     129
     136
     113
     129
     125
     121
     136
     133
     123
     125
     133
     121
     120
     131
     130
     127
     120
     126
     120
     103
     129
     102
     132
     128
     107
     118
     112
     101
     109
     129
     122
      93
     122
     103
     110
     108
      99
     117
     111
     104
     127
     124
     101
      87
     103
      95
     120
      97
      96
     107
     103
      82
      94
     123
     103
     116
      97
     111
      97
      98
     109
     112
      94
      90
     112
     102
     112
     106
      94
      94
     123
      99
     120
     100
      99
     115
     104
      93
      99
     106
     111
     100
      93
     103
     103
     101
     100
      87
      95
     121
      93
     109
     102
      89
     129
     121
     133
     117
     128
     154
     183
     262
     353
     448
     487
     409
     318
     217
     207
     173
     189
     254
     333
     378
     368
     311
     216
     128
     135
      89
      93
      90
     112
      89
     105
      95
     101
     100
      96
      95
     107
      90
      92
      81
      94
      94
      93
      90
      82
      91
      89
      90
      91
     108
      93
     105
      79
      92
     101
      93
      86
      88
      97
     107
      85
      89
     112
     113
      66
      94
      93
     104
      90
      92
     109
     124
     133
     115
      99
      95
      97
      66
      94
      91
      85
      87
      97
      86
      91
      93
      94
      80
      83
      96
      88
     105
      78
      90
      84
      81
     102
      86
      84
      77
      88
      71
     100
      85
      94
      94
      89
      80
      72
      93
      80
     110
     113
      70
      74
     111
      89
      86
      94
      82
      91
      76
      92
      80
      79
      73
      91
      76
      67
      66
      80
      74
      78
      82
      58
      75
      89
      82
      76
      83
      84
      71
      94
      99
      81
      84
      82
      99
      79
      77
      81
      81
      78
      74
      67
      72
      60
      75
      85
      77
      86
      86
      77
      91
      95
      99
      82
      80
      76
      69
      76
      79
      71
      77
      72
      81
      68
      78
      73
      76
      88
      72
      72
      83
      73
      77
      72
      93
      79
      72
      86
      70
      78
      88
      81
     101
      75
      96
      78
      96
     106
      93
      95
      77
      82
      60
      72
      74
      77
      71
      71
      69
      81
      72
      80
      72
      74
      71
      79
      68
      62
      77
      75
      80
      85
      70
      77
      68
      71
      77
      75
      58
      55
      67
      83
      87
      50
      81
      84
      84
      86
      83
      65
      74
      78
      76
      72
      76
      81
      84
      72
      71
      81
      71
      58
      75
      70
      67
      71
      65
      86
      60
      77
      61
      70
      70
      65
      58
      68
     103
      75
      81
      64
      75
      61
      79
      71
      76
      72
      71
      72
      71
      72
      74
      68
      69
      76
      67
      78
      81
      76
      62
      64
      67
      63
      66
      64
      71
      58
      73
      65
     101
      75
      73
      74
      65
      87
      79
      69
      74
      63
      64
      69
      61
      64
      57
      53
      65
      53
      53
      85
      62
      79
      70
      74
      69
      69
      74
      61
      74
      68
      68
      71
      71
      68
      54
      61
      79
      80
      73
      65
      63
      74
      58
      64
      78
      52
      63
      70
      64
      71
      67
      62
      67
      72
      53
      61
      63
      68
      73
      64
      62
      72
      60
      63
      62
      59
      69
      64
      65
      66
      67
      67
      67
      75
      58
      62
      55
      70
      60
      63
      79
      73
      91
      61
      58
      66
      56
      55
      54
      75
      49
      51
      49
      62
      56
      53
      79
      61
      55
      65
      84
      75
      75
      80
      74
      76
      69
      64
      65
      71
      64
      67
      57
      68
      65
      69
      66
      72
      61
      53
      61
      56
      43
      67
      69
      64
      56
      58
      58
      53
      59
      65
      53
      50
      62
      74
      69
      78
     100
      88
      85
      83
      58
      76
      68
      56
      75
      51
      71
      72
      68
      67
      59
      42
      61
      66
      58
      67
      50
      65
      63
      75
      72
      67
      60
      65
      51
      63
      60
      66
      69
      73
      60
      68
      57
      63
      60
      49
      63
      57
      51
      67
      69
      56
      63
      48
      59
      54
      44
      63
      54
      57
      62
      62
      61
      53
      51
      50
      47
      62
      57
      70
      73
      86
      75
      81
      73
      73
      65
      74
      51
      65
      68
      64
      62
      71
      53
      49
      56
      48
      52
      53
      42
      50
      60
      54
      52
      72
      62
      66
      70
      57
      54
      61
      48
      57
      49
      48
      63
      56
      74
      55
      52
      63
      49
      57
      58
      53
      59
      55
      49
      59
      56
      45
      52
      55
      48
      52
      51
      55
      57
      51
      57
      50
      55
      66
      63
      42
      62
      62
      67
      57
      60
      68
      44
      57
      70
      53
      75
      82
      80
      60
      48
      60
      56
      59
      51
      48
      47
      49
      50
      57
      58
      52
      58
      60
      55
      55
      45
      56
      59
      53
      48
      46
      48
      59
      63
      48
      56
      51
      49
      54
      60
      45
      57
      67
      64
      51
      46
      56
      52
      32
      53
      51
      55
      49
      55
      39
      50
      49
      55
      52
      51
      62
      51
      38
      54
      38
      51
      62
      55
      47
      58
      45
      51
      43
      52
      58
      60
      50
      41
      30
      53
      52
      52
      47
      60
      37
      54
      57
      54
      45
      54
      47
      56
      46
      64
      48
      56
      48
      34
      47
      45
      42
      42
      46
      49
      42
      56
      50
      50
      57
      45
      49
      45
      52
      44
      47
      39
      43
      40
      53
      40
      51
      45
      51
      42
      37
      37
      46
      49
      45
      39
      49
      28
      42
      51
      40
      43
      38
      32
      46
      35
      33
      54
      30
      36
      50
      43
      56
      47
      48
      39
      33
      33
      40
      35
      31
      38
      41
      37
      34
      40
      41
      42
      41
      41
      40
      57
      55
      41
      57
      48
      55
      42
      27
      48
      41
      44
      45
      50
      30
      45
      33
      39
      36
      47
      45
      44
      45
      37
      46
      40
      44
      34
      43
      36
      42
      42
      49
      37
      36
      42
      42
      42
      52
      57
      87
      87
      80
      70
      62
      55
      40
      52
      42
      53
      37
      36
      38
      45
      36
      47
      40
      38
      37
      37
      43
      34
      38
      43
      42
      33
      46
      42
      34
      38
      37
      39
      38
      32
      37
      35
      37
      35
      30
      37
      33
      38
      34
      41
      37
      34
      37
      46
      39
      37
      47
      39
      36
      39
      42
      30
      42
      39
      47
      40
      41
      30
      43
      49
      60
      31
      56
      41
      45
      40
      49
      40
      36
      40
      24
      26
      41
      33
      41
      43
      31
      37
      44
      25
      32
      32
      36
      35
      29
      31
      37
      38
      32
      46
      35
      30
      29
      30
      28
      29
      32
      33
      41
      34
      30
      39
      38
      34
      32
      36
      37
      33
      42
      28
      23
      31
      32
      32
      32
      35
      29
      26
      34
      41
      47
      36
      41
      39
      46
      24
      25
      37
      21
      28
      29
      37
      31
      35
      27
      40
      34
      32
      48
      39
      50
      46
      41
      36
      35
      21
      36
      36
      21
      32
      29
      30
      34
      30
      32
      34
      32
      36
      28
      35
      36
      33
      36
      33
      30
      22
      27
      30
      29
      29
      39
      18
      33
      32
      31
      25
      34
      28
      34
      20
      25
      28
      27
      34
      40
      23
      23
      27
      22
      34
      26
      30
      22
      36
      30
      28
      25
      32
      24
      40
      42
      33
      49
      36
      32
      34
      25
      31
      31
      27
      37
      27
      17
      24
      35
      26
      32
      30
      21
      23
      28
      29
      32
      23
      21
      20
      28
      33
      30
      31
      28
      25
      35
      29
      20
      32
      20
      19
      26
      23
      18
      25
      31
      31
      28
      25
      24
      30
      26
      25
      24
      33
      38
      33
      26
      22
      18
      35
      27
      28
      20
      32
      21
      29
      29
      21
      27
      21
      20
      23
      31
      24
      20
      25
      18
      28
      24
      38
      29
      28
      32
      26
      30
      19
      33
      29
      29
      19
      27
      22
      23
      21
      23
      18
      17
      23
      24
      22
      24
      25
      23
      26
      23
      31
      24
      23
      22
      18
      37
      20
      29
      16
      21
      17
      26
      19
      21
      23
      20
      17
      18
      26
      18
      21
      21
      20
      17
      24
      32
      16
      23
      24
      18
      29
      38
      26
      36
      41
      50
      62
      45
      37
      26
      26
      21
      19
      26
      16
      20
      23
      31
      20
      26
      22
      15
      16
      23
      25
      29
      18
      15
      23
      12
      23
      27
      26
      13
      18
      14
      17
      17
      21
      17
      20
      26
      23
      20
      22
      14
      21
      21
      25
      12
      22
      15
      21
      14
      24
      23
      20
      13
      19
      23
      21
      16
      19
      25
      25
      12
      17
      23
      21
      21
      19
      11
      24
      16
      17
      21
      17
      20
      20
      17
      21
      25
      24
      15
      22
      16
      17
      22
      17
      13
      16
      15
      15
      21
      16
      23
      19
      19
      14
      15
      16
      16
      22
      16
      19
      23
      16
      21
      12
      13
      17
      18
      19
      21
      12
      14
      19
      20
      19
      17
      18
      14
      24
      17
      13
      14
      16
      16
       8
      11
      14
      17
      17
      23
      18
      17
      15
      15
      18
      13
      19
      17
      10
      20
      15
      15
      17
      14
      21
      17
      18
      16
      16
      19
      24
      11
      15
      12
      19
      17
      11
      17
      18
      16
      12
      14
      22
      17
       9
      17
      10
      18
       9
      12
      24
      19
      22
      14
      15
      17
      18
      14
      12
      13
      16
      13
      11
      17
      15
      11
      13
      13
      10
      11
      11
      22
      15
      14
      10
      17
      21
      19
      22
      16
      15
      11
      13
      30
      17
      27
      23
      14
      12
      11
       7
      12
      12
      18
       9
      14
      13
      15
      12
      10
      22
      15
      16
      12
      10
      20
      15
      15
      12
      16
      16
      17
      15
      12
       9
       6
      14
       9
      14
      10
      11
      12
      10
      12
      13
      12
      18
       9
      11
      10
      11
      17
      16
      19
      14
      16
      11
       9
      16
      22
      20
      19
       6
      15
      11
      18
      12
      10
      14
      13
       6
       9
      17
      22
      16
      16
      13
      17
      16
      15
      15
      10
      17
       9
      13
      18
      13
       8
       9
      14
      12
      12
       8
       8
      18
      10
      10
      12
      13
      14
      10
      14
       7
      11
       8
      18
      10
       6
      13
      12
      14
      13
      13
       5
      10
      12
      16
      11
      12
      11
      16
      17
       8
      11
      10
      15
      12
       7
      11
       9
      10
      12
      10
       8
       4
      14
      10
      12
       9
       7
      11
      10
      16
       7
       9
      12
      17
      15
       9
      16
       9
      12
      13
      14
      16
      11
      13
      14
      11
       8
       7
       7
       7
       9
       7
       5
      14
      14
       3
      11
      10
       9
      15
      12
      11
       9
       9
      15
       8
       5
      15
       5
      13
      13
      10
      12
      13
       8
       6
      10
      10
      12
      11
      12
       7
       9
       8
       9
       9
      14
       5
       6
       9
      14
      19
       6
      11
      16
      13
      10
       9
       9
       7
       6
      10
      10
       8
       8
      11
       8
       6
      21
      13
      11
       8
      10
      12
       5
      14
      13
       7
       9
       9
      11
      16
      12
      10
      17
      13
      10
      11
       6
       5
       9
       6
       8
      12
      11
      12
      10
       7
      12
       9
       3
       9
      11
      12
      13
       8
       7
      11
       5
       6
       8
      13
      12
      12
      13
       9
      13
       9
      12
       8
       7
       7
      10
      14
       4
      13
       9
      13
       6
       8
       4
       4
       9
      10
      13
       6
       7
      14
      12
       6
       8
       8
       5
       7
      13
      15
       8
      10
       5
      10
       6
       8
       6
       6
       6
      14
       2
       8
       7
      11
       9
       7
      12
       6
       3
      12
       3
       3
       8
      10
       3
       7
       5
       5
       8
       9
       7
      13
       7
       3
       8
       9
      11
       9
       8
       9
       7
       8
       9
       6
       7
       9
       9
       6
       7
       8
      10
       7
       6
       5
       5
       7
      10
       4
      17
       8
       6
       8
       5
       8
       7
       7
       5
      14
      10
       6
       8
       9
      14
       8
       6
       6
      13
       8
      10
      12
       4
       8
      10
       9
       5
       6
      10
      16
       7
       3
       2
       7
       4
       8
       8
       9
       9
      10
      11
      10
       9
      14
       6
       8
       5
       7
       5
       7
       5
       9
       9
       5
       8
      10
       7
       6
       4
       8
       4
      15
       7
       8
       7
       9
       6
      10
       4
      11
       8
      12
       7
       5
       8
       8
       9
       3
       3
      10
       6
       8
       5
       5
       6
       8
       9
      18
      13
       7
      10
       6
       8
       9
       8
       7
       7
       5
       7
       7
       6
      11
       5
       4
       6
       6
       3
       7
       6
      11
       5
       5
       3
       4
      10
      14
      10
       8
       4
       2
       3
       7
      13
      16
       7
       9
       4
       7
       9
       8
       7
       6
      10
       6
      10
       5
       4
       8
       4
       8
       6
       9
       4
       9
       5
       8
       6
      10
       7
       7
       9
       9
       5
      12
       7
       5
       6
       5
       4
       8
       5
       7
       7
       3
       5
       2
       7
       9
       3
       6
       4
       8
       9
       3
       7
       6
       4
       9
       6
       9
       6
       5
      10
       9
       4
       9
       8
       6
      10
       8
       6
       1
      10
       8
       4
       5
      13
       6
       7
       5
       6
       6
       2
       9
       8
       5
      10
       3
       8
       6
       9
       6
       9
       2
       8
       7
       4
       7
       6
       5
       3
       5
       5
       5
       7
       3
       8
       9
       7
       4
       6
       4
       4
       3
       5
       8
       5
       3
       7
       8
       7
       5
       7
       9
       3
       4
       5
       6
       6
       9
       8
       7
       5
       3
      13
      10
       7
       4
       6
       8
       6
       5
       9
       5
       7
      12
       7
       8
       2
       6
       2
       7
      10
       4
       6
       9
       6
       8
       1
      10
       8
      13
       5
       7
       5
       3
       5
       7
       7
       6
       4
       9
       5
       8
       4
       9
       9
       8
       3
       6
       4
       9
       5
       5
       5
       6
       9
       8
       2
       6
       5
       3
       5
       8
       7
       6
       8
       6
       2
      10
       5
       4
       6
      12
      12
       4
       5
       8
       4
       4
       4
       9
       3
      10
       7
       7
       2
       9
       4
       2
       1
       5
       3
       7
       0
       8
       6
       5
       4
       3
       7
       4
       4
       4
       3
       6
       4
       6
       6
       6
       5
       7
       6
       6
       8
      10
       6
       3
       7
       5
       2
       3
      15
       8
       9
       5
       5
       6
       5
       9
       2
       7
       2
       4
       4
       8
      10
       8
      11
       9
       9
       5
       4
       5
       4
       4
       5
       6
       5
       5
       5
       5
       5
      10
       6
       9
       5
       1
       4
       8
       5
       5
       6
       6
       8
       3
       3
       5
      10
       6
       3
       4
       9
       4
       9
       0
       2
       8
       2
       5
       6
       5
       2
       6
       8
       2
       6
       6
       7
       6
       4
       3
       7
       7
       8
       5
       3
       6
       4
       5
       3
       4
       0
       8
       5
       3
       4
       2
       7
       5
       7
      10
       6
       5
       2
       7
       2
       4
       8
       6
       8
       8
       4
       5
       4
       6
       7
       3
       4
       6
       2
       4
       3
       5
       3
       7
       3
       3
       5
       6
       5
       6
       5
       6
       6
       3
       5
       7
       9
       4
       4
       5
       6
       3
       8
       7
       7
      10
       5
       4
       3
       3
       3
       4
       3
       4
       4
       3
       8
       1
       3
       4
       6
       5
       8
       3
       3
       4
       3
       9
       6
       5
       5
       4
       5
       1
       6
       5
       4
       5
       6
       6
       5
       1
       1
       5
       1
       8
       4
       2
       5
       7
       6
       7
       4
      10
       5
       0
       6
       6
       0
       3
       4
       2
       1
       5
       7
       3
       3
       6
       3
       5
       5
       5
       4
       5
       4
       3
       9
       3
       6
       4
       4
       1
       4
       5
       4
       4
       6
       4
       9
       5
       4
       3
       3
       8
       4
       1
       2
       5
       4
       5
       2
       2
       3
       3
       2
       3
       4
       7
       7
       4
       3
       4
       8
       1
       7
       3
       3
       3
       5
      14
       3
       7
       7
       4
       2
       4
       4
       2
       4
       4
       5
       1
       1
       7
       8
       5
       1
       3
       4
       3
       5
       5
       6
       1
       5
       1
       1
       6
       5
       5
       5
       6
       4
       1
       4
       5
       5
       4
      10
       7
       3
       5
       8
       5
       4
       3
       5
       4
       8
       4
       1
       4
       4
       5
       1
       6
       2
       1
       5
       6
       5
       1
       2
       5
       4
       3
       5
       1
      10
       7
       1
       3
       5
       2
       8
       2
       5
       2
       7
       2
       4
       4
       2
       1
       3
       5
       8
       4
       6
       9
       5
       6
       3
       3
       3
       4
       5
       6
       2
       5
       1
       9
       5
       3
       9
       2
       3
       5
       4
       3
       4
       5
       4
       2
       7
       6
       2
       3
       5
       2
       1
       5
       2
       4
       2
       3
       4
       4
       4
       1
       5
       2
       6
       1
       3
       1
       2
       4
       8
       5
       2
       8
       4
       6
       6
       5
       4
       3
       6
       3
       7
       1
       3
       7
       1
       7
       4
       5
       4
       5
       5
       4
       3
       3
       5
       4
       2
       0
       0
       1
       7
       4
       4
       7
       5
       5
       1
       7
       2
       2
       3
       5
       6
       2
       9
       5
       2
       5
       2
       0
       5
       4
       4
       4
       1
       3
       1
       1
       2
       3
       4
       4
       2
       6
       3
       5
       9
       3
       5
       3
       4
       9
       5
       3
       3
       8
       7
       6
       4
       3
       5
       0
       7
       1
       1
       1
       2
       4
       5
       3
       1
       2
       6
       4
       2
       3
       3
       4
       3
       6
       5
       5
       9
       4
       5
       3
       3
       3
       5
       3
       3
       2
       3
       5
       1
       4
       1
       2
       9
       4
       3
       3
       3
       4
       3
       2
       4
       5
       0
       2
       2
       5
       4
       1
       0
       5
       1
       3
       3
       3
       2
       4
       6
       3
       3
       3
       1
       6
       3
       3
       7
       3
       4
       2
       3
       3
       3
       3
       2
       2
       7
       0
       6
       3
       3
       3
       5
       1
       3
       4
       3
       6
       1
       4
       3
       5
       2
       4
       3
       6
       1
       4
       6
       5
       3
       3
       2
       1
       7
       6
       4
       1
       4
       5
       5
       6
       2
       5
       5
       2
       2
       7
       2
       2
       7
       3
       2
       4
       4
       5
       3
       2
       6
       4
       1
       1
       4
       3
       1
       3
       1
       5
       5
       4
       4
       3
       5
       4
       2
       3
       3
       2
       2
       8
       2
       8
       5
       6
       5
       4
       2
       1
       2
       1
       4
       5
       1
       1
       5
       6
       3
       4
       1
       4
       3
       2
       6
       2
       6
       3
       5
       2
       4
       6
       5
       3
       3
       5
       0
       6
       1
       2
       5
       2
       4
       2
       3
       5
       4
       4
       4
       8
       1
       6
       2
       5
       4
       6
       3
       1
       5
       3
       4
       1
       1
       5
       1
       3
       6
       4
       2
       3
       6
       5
       6
       4
       6
       5
       4
       2
       2
       4
       7
       1
       6
       4
       3
       3
       4
       5
       4
       3
       2
       4
       4
       1
       2
       2
       3
       5
       5
       2
       2
       5
       5
       2
       3
       2
       1
       2
       4
       3
       3
       4
       1
       2
       2
       2
       5
       4
       1
       2
       1
       2
       4
       3
       5
       4
       1
       4
       4
       2
       2
       1
       5
       6
       4
       4
       3
       4
       7
       3
       3
       3
       4
       3
       3
      10
       3
       2
       3
       5
       2
       1
       5
       6
       4
       2
       2
       2
       3
       4
       5
       1
       4
       3
       1
       3
       1
       2
       3
       4
       7
       4
       3
       6
       3
       3
       3
       4
       2
       2
       3
       3
       5
       2
       2
       2
       7
       4
       7
       5
       2
       2
       4
       4
       4
       2
       3
       4
       2
       1
       1
       2
       0
       2
       2
       1
       4
       3
       3
       3
       2
       6
       3
       2
       1
       2
       3
       7
       4
       6
       3
       1
       2
       7
       2
       5
       4
       5
       1
       8
       2
       2
       2
       2
       1
       3
       3
       5
       0
       2
       4
       5
       3
       6
       3
       5
       4
       3
       3
       5
       3
       2
       4
       2
       5
       3
       3
       3
       1
       2
       3
       3
       1
       2
       1
       2
       3
       1
       1
       2
       3
       3
       2
       0
       7
       2
       2
       3
       3
       2
       7
       5
       2
       4
       2
       3
       4
       4
       2
       0
       7
       2
       4
       3
       1
       4
       4
       5
       1
       3
       4
       4
       4
       2
       4
       2
       6
       5
       5
       4
       2
       3
       5
       2
       7
       5
       2
       1
       4
       7
       4
       6
       3
       2
       2
       3
       6
       3
       5
       3
       0
       1
       1
       3
       5
       2
       1
       3
       5
       0
       3
       4
       4
       2
       3
       3
       7
       2
       1
       0
       6
       2
       1
       1
       2
       3
       3
       5
       3
       5
       3
       0
       2
       3
       1
       2
       3
       0
       1
       3
       3
       2
       4
       2
       4
       2
       1
       2
       1
       5
       4
       4
       2
       1
       5
       1
       5
       1
       7
       2
       2
       2
       4
       5
       4
       3
       4
       0
       1
       3
       2
       2
       0
       3
       5
       1
       1
       4
       5
       2
       6
       3
       3
       6
       4
       3
       3
       3
       5
       1
       3
       1
       4
       1
       5
       2
       2
       2
       0
       2
       2
       0
       2
       5
       3
       5
       2
       2
       3
       4
       2
       2
       1
       3
       1