6.867673999999999827e-03 3.751106000000000145e-03 2.799892990000000248e-01 3.985584300000000191e-02 5.905086999999999836e-03 8.484799999999999807e-04 2.657896820000000271e-01 5.929999999999999806e-05 3.922621669999999949e-01 0.000000000000000000e+00 2.679668999999999975e-03 1.991717999999999961e-03 1.000000000000000000e+00
7.950288999999999273e-03 5.787343000000000348e-03 2.838498649999999790e-01 4.159581500000000126e-02 7.068141000000000007e-03 1.393064000000000064e-03 2.450561079999999947e-01 5.819999999999999843e-05 4.022724019999999734e-01 0.000000000000000000e+00 2.793991999999999917e-03 2.174745999999999971e-03 1.000000000000000000e+00
9.052907000000000662e-03 7.827023000000000660e-03 2.884620390000000034e-01 4.341005099999999811e-02 8.222626999999999714e-03 1.939048999999999981e-03 2.227197999999999956e-01 5.729999999999999688e-05 4.132771789999999945e-01 0.000000000000000000e+00 2.670936000000000057e-03 2.361129000000000006e-03 1.000000000000000000e+00
1.125798899999999950e-02 1.192158100000000054e-02 2.967755870000000074e-01 4.699179299999999698e-02 9.393972000000000433e-03 2.503963000000000109e-03 1.826627620000000063e-01 5.539999999999999813e-05 4.330786930000000146e-01 0.000000000000000000e+00 2.680553999999999923e-03 2.677693000000000087e-03 1.000000000000000000e+00
1.015906199999999995e-02 9.868718000000000282e-03 2.925896789999999914e-01 4.521813000000000221e-02 1.055836700000000079e-02 3.034687999999999795e-03 1.984200299999999972e-01 5.610000000000000159e-05 4.248125549999999806e-01 0.000000000000000000e+00 2.680516999999999882e-03 2.602166999999999848e-03 1.000000000000000000e+00
1.782756300000000113e-02 3.755951999999999902e-03 2.799889460000000163e-01 6.512876300000000618e-02 1.170923100000000050e-02 3.580696999999999873e-03 1.810065570000000124e-01 5.599999999999999916e-05 4.313196670000000177e-01 0.000000000000000000e+00 2.680627000000000097e-03 2.945990999999999801e-03 1.000000000000000000e+00
9.060307999999999556e-03 5.797448999999999658e-03 3.220017569999999996e-01 5.055830199999999941e-02 1.286559299999999982e-02 4.122502999999999584e-03 1.257158529999999885e-01 5.199999999999999680e-05 4.643793259999999812e-01 0.000000000000000000e+00 2.680529999999999979e-03 2.766345999999999822e-03 1.000000000000000000e+00
1.234160899999999991e-02 1.425338200000000020e-02 3.008136570000000121e-01 4.875880700000000123e-02 1.402008499999999984e-02 8.377509999999999688e-04 1.587641379999999991e-01 5.450000000000000336e-05 4.445184819999999926e-01 0.000000000000000000e+00 2.680581000000000023e-03 2.956976999999999956e-03 1.000000000000000000e+00
7.958214999999999387e-03 3.755813000000000207e-03 3.178077100000000210e-01 4.876417999999999725e-02 1.517838099999999947e-02 4.123919999999999669e-03 1.404358360000000083e-01 5.270000000000000026e-05 4.565198679999999953e-01 0.000000000000000000e+00 2.680413999999999887e-03 2.722946999999999868e-03 1.000000000000000000e+00
6.867378000000000371e-03 2.005767899999999840e-02 3.136122330000000180e-01 4.693743999999999694e-02 1.749184299999999997e-02 8.358330000000000187e-04 1.252655450000000059e-01 5.289999999999999835e-05 4.629357660000000263e-01 0.000000000000000000e+00 2.680503999999999786e-03 3.262910999999999850e-03 1.000000000000000000e+00
1.892101399999999989e-02 5.795871000000000182e-03 2.842075150000000217e-01 6.692460899999999602e-02 1.169580100000000046e-02 3.030828000000000168e-03 1.632408949999999970e-01 5.530000000000000247e-05 4.403831910000000072e-01 0.000000000000000000e+00 2.680442999999999801e-03 3.064579999999999908e-03 1.000000000000000000e+00
1.344244300000000010e-02 1.598479200000000114e-02 3.052085059999999905e-01 5.057796400000000303e-02 1.286136700000000029e-02 3.577719999999999945e-03 1.377050439999999987e-01 5.330000000000000129e-05 4.548180359999999811e-01 0.000000000000000000e+00 2.680512999999999819e-03 3.090293999999999940e-03 1.000000000000000000e+00
1.015452900000000068e-02 7.836231000000000793e-03 3.258125510000000058e-01 5.235754199999999997e-02 1.634994199999999925e-02 3.578103000000000013e-03 1.109334530000000013e-01 5.110000000000000203e-05 4.669733919999999872e-01 0.000000000000000000e+00 2.680389999999999943e-03 3.272806000000000066e-03 1.000000000000000000e+00
2.001692000000000055e-02 7.835019000000000358e-03 2.884004450000000053e-01 6.872528399999999760e-02 7.069507000000000048e-03 3.578173000000000031e-03 1.515501609999999888e-01 5.459999999999999901e-05 4.470569200000000243e-01 0.000000000000000000e+00 2.680581000000000023e-03 3.032350999999999970e-03 1.000000000000000000e+00
1.672797300000000015e-02 3.758019999999999937e-03 3.178047259999999818e-01 5.599283000000000038e-02 1.517802499999999950e-02 1.381389000000000011e-03 1.167002649999999975e-01 5.209999999999999923e-05 4.668522520000000231e-01 0.000000000000000000e+00 2.680462000000000209e-03 2.871999000000000080e-03 1.000000000000000000e+00
2.659376199999999996e-02 3.758830999999999804e-03 2.800074329999999723e-01 7.236263299999999565e-02 5.908026000000000250e-03 4.126806999999999698e-03 1.616788919999999907e-01 5.520000000000000004e-05 4.398831699999999900e-01 0.000000000000000000e+00 2.680398999999999976e-03 2.944837999999999970e-03 1.000000000000000000e+00
1.563716500000000148e-02 2.006145900000000024e-02 3.132901519999999884e-01 5.417056199999999849e-02 1.171580499999999928e-02 3.577148999999999954e-03 1.082702269999999967e-01 5.170000000000000306e-05 4.670709029999999817e-01 0.000000000000000000e+00 2.680603000000000152e-03 3.474236999999999811e-03 1.000000000000000000e+00
1.124921199999999975e-02 9.874809000000000017e-03 3.298936740000000256e-01 5.416993900000000028e-02 8.259307999999999927e-03 4.126603999999999862e-03 1.103271120000000050e-01 5.069999999999999908e-05 4.660982490000000200e-01 0.000000000000000000e+00 2.680543000000000075e-03 3.269875000000000212e-03 1.000000000000000000e+00
1.453974400000000028e-02 1.802196699999999985e-02 3.094077729999999971e-01 5.237156999999999923e-02 1.633526000000000075e-02 8.347180000000000268e-04 1.176570660000000046e-01 5.270000000000000026e-05 4.648040390000000022e-01 0.000000000000000000e+00 2.680512999999999819e-03 3.294663000000000192e-03 1.000000000000000000e+00
2.221261299999999911e-02 1.190923600000000013e-02 2.965999639999999937e-01 7.229586300000000187e-02 1.401741999999999919e-02 3.026179999999999842e-03 1.048276249999999937e-01 5.259999999999999783e-05 4.688049340000000065e-01 0.000000000000000000e+00 2.680670000000000015e-03 3.572894999999999977e-03 1.000000000000000000e+00
2.111626900000000001e-02 9.871611000000000621e-03 2.926066130000000154e-01 7.050990399999999825e-02 1.169997300000000066e-02 1.383986000000000027e-03 1.286448689999999950e-01 5.379999999999999989e-05 4.581410579999999899e-01 0.000000000000000000e+00 2.680598000000000182e-03 3.291281000000000068e-03 1.000000000000000000e+00
1.782646400000000020e-02 5.796464000000000304e-03 3.217197410000000035e-01 5.779554399999999731e-02 8.243221000000000229e-03 3.026435000000000063e-03 1.113293610000000017e-01 5.140000000000000254e-05 4.686406980000000222e-01 0.000000000000000000e+00 2.680661999999999889e-03 2.889965999999999889e-03 1.000000000000000000e+00
2.878631599999999929e-02 7.834638999999999145e-03 2.884091610000000250e-01 7.593977200000000261e-02 1.053959299999999988e-02 2.478929999999999849e-03 1.192496620000000063e-01 5.349999999999999938e-05 4.606824640000000137e-01 0.000000000000000000e+00 2.680661999999999889e-03 3.345321000000000058e-03 1.000000000000000000e+00
2.769481600000000057e-02 5.796510000000000377e-03 2.842066549999999747e-01 7.414613600000000138e-02 1.053698399999999924e-02 3.576566000000000207e-03 1.361004219999999987e-01 5.410000000000000041e-05 4.519695790000000102e-01 0.000000000000000000e+00 2.680618000000000063e-03 3.237569999999999944e-03 1.000000000000000000e+00
1.344357799999999943e-02 1.396005399999999952e-02 3.376196659999999850e-01 5.779450299999999707e-02 1.061605799999999940e-02 2.492572000000000190e-03 1.014916450000000053e-01 4.910000000000000085e-05 4.553585390000000066e-01 0.000000000000000000e+00 2.680674999999999985e-03 4.493645999999999578e-03 1.000000000000000000e+00
1.234562500000000070e-02 1.191804699999999932e-02 3.337027349999999726e-01 5.598245000000000304e-02 1.291106399999999987e-02 1.940258999999999951e-03 1.047639090000000023e-01 4.989999999999999997e-05 4.596448470000000230e-01 0.000000000000000000e+00 2.680679000000000048e-03 4.060534000000000192e-03 1.000000000000000000e+00
2.768851500000000035e-02 3.758758999999999972e-03 3.178069920000000104e-01 3.971432999999999908e-02 5.923221999999999689e-03 2.480546000000000140e-03 1.501687120000000097e-01 5.280000000000000269e-05 4.475810800000000200e-01 0.000000000000000000e+00 2.680589000000000149e-03 2.144469999999999883e-03 1.000000000000000000e+00
2.330850699999999914e-02 1.395042699999999962e-02 3.005845180000000227e-01 7.410846000000000100e-02 1.055890699999999932e-02 2.481765999999999833e-03 1.024501180000000067e-01 5.209999999999999923e-05 4.659721720000000178e-01 0.000000000000000000e+00 2.680529999999999979e-03 3.852524999999999873e-03 1.000000000000000000e+00
2.001789600000000030e-02 9.882225999999999164e-03 3.294599979999999761e-01 6.141956999999999972e-02 9.448661000000000559e-03 1.940230000000000036e-03 1.028434909999999952e-01 4.979999999999999753e-05 4.581975200000000248e-01 0.000000000000000000e+00 2.680609000000000030e-03 4.059974000000000048e-03 1.000000000000000000e+00
1.892239999999999894e-02 7.838331999999999938e-03 3.256561740000000205e-01 5.960829100000000075e-02 7.102398999999999692e-03 1.934256000000000083e-03 1.080667879999999970e-01 5.080000000000000151e-05 4.648291689999999865e-01 0.000000000000000000e+00 2.680467000000000179e-03 3.310879999999999986e-03 1.000000000000000000e+00
2.988328999999999985e-02 9.874637999999999818e-03 2.922686050000000146e-01 7.773481999999999614e-02 1.517729800000000052e-02 1.931991000000000090e-03 1.011401509999999976e-01 5.239999999999999975e-05 4.654016369999999791e-01 0.000000000000000000e+00 2.680632999999999974e-03 3.854507999999999979e-03 1.000000000000000000e+00
3.317230899999999705e-02 1.598625600000000077e-02 3.052134040000000215e-01 4.150175799999999970e-02 1.633162000000000155e-02 4.123968999999999899e-03 1.223162829999999979e-01 5.220000000000000166e-05 4.555869129999999823e-01 0.000000000000000000e+00 2.680582999999999837e-03 3.034731000000000147e-03 1.000000000000000000e+00
1.454102399999999962e-02 1.600426599999999963e-02 3.414151460000000027e-01 5.960661600000000115e-02 1.295311900000000079e-02 3.046469000000000000e-03 9.608658500000000213e-02 4.800000000000000122e-05 4.483426620000000029e-01 0.000000000000000000e+00 2.680529999999999979e-03 5.275626999999999747e-03 1.000000000000000000e+00
2.878550800000000132e-02 5.796909000000000263e-03 3.220098319999999958e-01 4.149877099999999680e-02 9.395913000000000528e-03 1.930482999999999982e-03 1.265467929999999908e-01 5.179999999999999871e-05 4.589097469999999790e-01 0.000000000000000000e+00 2.680479999999999842e-03 2.393764999999999955e-03 1.000000000000000000e+00
2.440971700000000091e-02 1.599265100000000009e-02 3.044856819999999797e-01 7.592039600000000110e-02 8.262459999999999249e-03 3.581977999999999985e-03 9.899673500000000237e-02 5.119999999999999768e-05 4.612999540000000120e-01 0.000000000000000000e+00 2.680545999999999797e-03 4.318688000000000214e-03 1.000000000000000000e+00
3.207547399999999965e-02 1.394813800000000055e-02 3.010095099999999801e-01 3.972903099999999799e-02 5.918370000000000054e-03 4.126897000000000031e-03 1.585846190000000100e-01 5.369999999999999746e-05 4.393602839999999898e-01 0.000000000000000000e+00 2.680488999999999875e-03 2.513468999999999946e-03 1.000000000000000000e+00
2.111510399999999912e-02 1.192717599999999940e-02 3.331600350000000210e-01 6.323633400000000515e-02 1.525333000000000071e-02 2.496121000000000017e-03 9.584161600000000447e-02 4.849999999999999982e-05 4.491380850000000202e-01 0.000000000000000000e+00 2.680516999999999882e-03 5.103207999999999703e-03 1.000000000000000000e+00
3.100325199999999851e-02 1.192282300000000080e-02 2.966010989999999792e-01 7.960625999999999813e-02 7.091387999999999685e-03 1.386118999999999893e-03 1.003279960000000026e-01 5.229999999999999732e-05 4.656448959999999748e-01 0.000000000000000000e+00 2.575650000000000075e-03 3.788254000000000014e-03 1.000000000000000000e+00
1.563649300000000131e-02 1.804701699999999853e-02 3.452712259999999866e-01 6.141971300000000078e-02 1.412909799999999966e-02 2.503663000000000156e-03 9.157941399999999788e-02 4.709999999999999967e-05 4.427817259999999866e-01 0.000000000000000000e+00 2.680609000000000030e-03 5.903934999999999912e-03 1.000000000000000000e+00
2.659834299999999999e-02 2.007852900000000121e-02 3.122160299999999777e-01 7.954599399999999487e-02 1.177434200000000014e-02 8.517979999999999649e-04 8.999062700000000359e-02 4.970000000000000188e-05 4.506507260000000015e-01 0.000000000000000000e+00 2.680531999999999793e-03 5.563397999999999781e-03 1.000000000000000000e+00
3.426917300000000000e-02 1.802437000000000136e-02 3.094113929999999790e-01 4.331248800000000315e-02 8.235786999999999622e-03 1.383275999999999907e-03 1.218572180000000033e-01 5.229999999999999732e-05 4.579688980000000131e-01 0.000000000000000000e+00 2.680529999999999979e-03 2.804542000000000146e-03 1.000000000000000000e+00
3.097915000000000044e-02 9.881737999999999286e-03 3.295975329999999981e-01 4.692268299999999975e-02 1.521701900000000003e-02 8.425039999999999960e-04 1.048058870000000004e-01 4.979999999999999753e-05 4.552988579999999730e-01 0.000000000000000000e+00 2.680632999999999974e-03 3.724222000000000123e-03 1.000000000000000000e+00
2.988749799999999845e-02 7.835972999999999550e-03 3.259280509999999964e-01 4.329757399999999840e-02 9.401372999999999328e-03 1.382359000000000105e-03 1.125112540000000050e-01 5.110000000000000203e-05 4.644119150000000085e-01 0.000000000000000000e+00 2.680581000000000023e-03 2.612354999999999799e-03 1.000000000000000000e+00
2.550159800000000032e-02 1.803904900000000144e-02 3.081208149999999923e-01 7.773405999999999372e-02 1.755055700000000135e-02 3.042729000000000093e-03 9.075898599999999983e-02 4.979999999999999753e-05 4.509644059999999843e-01 0.000000000000000000e+00 2.680545999999999797e-03 5.557470999999999592e-03 1.000000000000000000e+00
2.221101899999999851e-02 1.396590399999999947e-02 3.372876080000000165e-01 6.504211499999999757e-02 7.163357999999999878e-03 1.949152999999999910e-03 9.559285700000000330e-02 4.830000000000000173e-05 4.490244899999999983e-01 0.000000000000000000e+00 2.680528000000000164e-03 5.034700999999999933e-03 1.000000000000000000e+00
1.673347600000000060e-02 2.009047400000000053e-02 3.490939220000000009e-01 6.323224500000000636e-02 1.646586900000000103e-02 1.961771000000000174e-03 8.653825499999999449e-02 4.619999999999999812e-05 4.365376440000000025e-01 0.000000000000000000e+00 2.680623999999999941e-03 6.619545000000000116e-03 1.000000000000000000e+00
3.207638299999999998e-02 1.192640399999999982e-02 3.333389259999999799e-01 4.873541499999999721e-02 1.755784100000000111e-02 3.041897999999999911e-03 9.885943599999999498e-02 4.839999999999999739e-05 4.471293040000000052e-01 0.000000000000000000e+00 2.680599999999999997e-03 4.605396000000000316e-03 1.000000000000000000e+00
2.440664400000000164e-02 1.805440100000000117e-02 3.448561980000000027e-01 6.867040900000000170e-02 1.415211299999999915e-02 8.655899999999999575e-04 8.444841399999999942e-02 4.619999999999999812e-05 4.351797760000000181e-01 0.000000000000000000e+00 2.680556000000000171e-03 6.639652000000000227e-03 1.000000000000000000e+00
2.330966799999999867e-02 1.601229800000000120e-02 3.409375669999999969e-01 6.685783600000000382e-02 1.413476600000000000e-02 2.505621999999999884e-03 8.806130400000000691e-02 4.679999999999999915e-05 4.392889030000000083e-01 0.000000000000000000e+00 2.680488999999999875e-03 6.164708999999999987e-03 1.000000000000000000e+00
3.317312699999999670e-02 1.396588799999999922e-02 3.374339499999999825e-01 5.054721100000000161e-02 9.467484999999999443e-03 3.043330999999999814e-03 9.843214200000000025e-02 4.809999999999999687e-05 4.466387700000000183e-01 0.000000000000000000e+00 2.680539000000000012e-03 4.569453999999999703e-03 1.000000000000000000e+00
2.550301300000000146e-02 2.009803699999999915e-02 3.486636679999999822e-01 7.048246599999999362e-02 1.301919900000000040e-02 4.160137000000000383e-03 7.973786400000000552e-02 4.490000000000000040e-05 4.282844740000000261e-01 0.000000000000000000e+00 2.680567000000000019e-03 7.325642999999999738e-03 1.000000000000000000e+00
3.427016799999999669e-02 1.601118500000000069e-02 3.411315180000000225e-01 5.236004400000000142e-02 1.759508099999999853e-02 1.406850999999999978e-03 9.108848899999999471e-02 4.690000000000000158e-05 4.377544239999999753e-01 0.000000000000000000e+00 2.680506000000000034e-03 5.654786000000000187e-03 1.000000000000000000e+00
