2492.65
2492.87
2493.09
2493.31
2493.53
2493.75
2493.98
2494.2
2494.43
2494.67
2494.9
2495.14
2495.38
2495.62
2495.86
2496.11
2496.35
2496.6
2496.86
2497.11
2497.37
2497.63
2497.89
2498.16
2498.42
2498.7
2498.97
2499.24
2499.52
2499.8
2500.08
2500.37
2500.66
2500.95
2501.24
2501.54
2501.84
2502.14
2502.45
2502.76
2503.07
2503.38
2503.7
2504.02
2504.34
2504.67
2505
2505.33
2505.66
2506
2506.34
2506.69
2507.04
2507.39
2507.74
2508.1
2508.46
2508.83
2509.2
2509.57
2509.95
2510.33
2510.71
2511.09
2511.49
2511.88
2512.28
2512.68
2513.08
2513.49
2513.9
2514.32
2514.74
2515.17
2515.6
2516.03
2516.47
2516.91
2517.35
2517.81
2518.27
2518.75
2519.26
2519.82
2520.49
2521.33
2522.47
2524.1
2526.5
2530.03
2535.14
2542.36
2552.22
2565.2
2581.62
2601.56
2624.78
2650.73
2678.53
2707.11
2735.34
2762.15
2786.7
2808.42
2827.14
2843
2856.46
2868.3
2879.49
2891.22
2904.73
2921.24
2941.63
2966.26
2994.67
3025.44
3056.17
3083.74
3104.79
3116.27
3116.11
3103.61
3079.66
3046.54
3007.48
2966.09
2925.73
2889.06
2857.76
2832.57
2813.4
2799.62
2790.34
2784.6
2781.56
2780.53
2780.99
2782.52
2784.78
2787.41
2790.05
2792.3
2793.79
2794.19
2793.29
2791.01
2787.46
2782.88
2777.64
2772.13
2766.77
2761.91
2757.8
2754.6
2752.39
2751.19
2750.97
2751.74
2753.49
2756.23
2759.99
2764.76
2770.47
2776.95
2783.91
2790.98
2797.66
2803.45
2807.9
2810.68
2811.61
2810.76
2808.35
2804.79
2800.54
2796.12
2791.98
2788.49
2785.91
2784.41
2784.05
2784.84
2786.74
2789.7
2793.59
2798.31
2803.69
2809.55
2815.7
2821.95
2828.14
2834.15
2839.91
2845.42
2850.68
2855.69
2860.45
2864.92
2869.04
2872.76
2876.07
2879.01
2881.71
2884.38
2887.28
2890.71
2895.01
2900.61
2908.13
2918.61
2933.8
2956.55
2991.28
3044.44
3124.75
3243.27
3412.83
3646.9
3957.7
4353.61
4836.4
5398.62
6022.07
6677.91
7328.97
7934.05
8453.88
8857.26
9126.24
9258.85
9268.64
9181.11
9027.82
8839.65
8641.05
8446.42
8259.47
8075.23
7883.88
7675.1
7441.6
7181.19
6896.93
6595.88
6287
5979.1
5679.26
5392.18
5120.32
4864.58
4625.19
4402.44
4197.09
4010.36
3843.68
3698.25
3574.61
3472.37
3390.17
3325.77
3276.38
3239
3210.76
3189.22
3172.51
3159.4
3149.22
3141.77
3137.23
3136.02
3138.81
3146.53
3160.61
3183.32
3218.28
3271.34
3351.63
3472.9
3654.87
3924.43
4316.06
4871.08
5634.95
6652.27
7959.5
9575.81
11493.4
13669.1
16019.9
18423.7
20727.6
22762.5
24363.2
25390.9
25752.6
25415.7
24412.6
22836.1
20825.3
18545.6
16167.1
13844.8
11703.3
9829.45
8271.15
7041.66
6127.52
5497.51
5110.84
4923.51
4892.31
4976.79
5139.78
5347.3
5568.36
5775.31
5944.58
6057.9
6103.47
6076.76
5980.62
5824.63
5623.56
5395.45
5159.48
4934.05
4735.45
4577.12
4469.58
4420.72
4436.32
4520.35
4674.95
4899.92
5191.88
5543.12
5940.74
6366.25
6796
7202.67
7557.67
7834.28
8010.91
8074.01
8020.03
7856.06
7598.99
7273.41
6908.64
6535.47
6183.02
5876.39
5635.05
5472.19
5394.71
5403.64
5494.82
5659.53
5885.07
6155.45
6452.1
6754.93
7043.61
7299.15
7505.47
7650.82
7728.73
7738.37
7684.16
7574.86
7422.08
7238.84
7038.05
6831.47
6629.02
6438.52
6265.83
6115.07
5988.93
5888.9
5815.32
5767.45
5743.29
5739.68
5752.29
5775.92
5804.88
5833.54
5856.86
5870.95
5873.4
5863.5
5842.22
5811.95
5776.11
5738.72
5703.9
5675.5
5656.75
5650.09
5657.09
5678.35
5713.62
5761.76
5820.84
5888.21
5960.64
6034.5
6105.98
6171.43
6227.64
6272.22
6303.8
6322.23
6328.56
6324.96
6314.46
6300.58
6287.03
6277.3
6274.44
6280.81
6298.05
6327.01
6367.85
6420.09
6482.7
6554.16
6632.55
6715.57
6800.7
6885.22
6966.44
7041.87
7109.43
7167.6
7215.63
7253.59
7282.31
7303.33
7318.64
7330.51
7341.16
7352.64
7366.59
7384.17
7406.12
7432.74
7464.04
7499.88
7540.04
7584.34
7632.69
7685.05
7741.42
7801.71
7865.7
7932.93
8002.62
8073.71
8144.85
8214.49
8281.06
8343.09
8399.34
8448.98
8491.63
8527.36
8556.73
8580.61
8600.14
8616.55
8631.11
8644.97
8659.12
8674.36
8691.3
8710.32
8731.62
8755.26
8781.17
8809.21
8839.17
8870.85
8904.05
8938.61
8974.44
9011.51
9049.88
9089.72
9131.28
9174.96
9221.26
9270.83
9324.38
9382.67
9446.44
9516.27
9592.51
9675.15
9763.73
9857.29
9954.38
10053.1
10151.2
10246.5
10336.5
10419.2
10493.2
10557.5
10611.8
10656.8
10693.4
10723.7
10749.8
10774.5
10800.9
10832.7
10874
10929.9
11006.4
11111.3
11253.7
11445
11698
12026.7
12445.6
12967.6
13602.8
14356.1
15224.9
16197.1
17250.3
18350.9
19455.5
20513.7
21471.2
22275.1
22878.8
23247
23359.3
23212.8
22822.2
22218
21443.6
20550.1
19591.5
18619.8
17680.5
16810.1
16034.2
15367.8
14816
14376.2
14039.9
13795.1
13628.7
13527.3
13478.7
13472.7
13500.6
13555.7
13632.8
13727.6
13836.9
13957.7
14087.7
14225
14368.2
14516.9
14671.4
14833.2
15005.3
15191.7
15397.3
15627.6
15887.8
16182.2
16513.2
16880.4
17280.2
17705.2
18144
18582.3
19003.2
19388.7
19721.1
19984.8
20167.5
20261.4
20264.3
20179.4
20014.9
19783.9
19502.2
19187.9
18859.2
18533.5
18226.1
17949.6
17713.3
17523.4
17383.4
17294.4
17256.1
17267.9
17329.4
17441.8
17608.5
17835.8
18133.6
18516
19001.2
19612
20375.6
21323.5
22491.3
23918.6
25649
27730.2
30214.1
33157
36619.2
40662.9
45349.4
50733.1
56853.2
63722.9
71316.3
79555.9
88300.6
97339.7
106392
115114
123120
130007
135387
138926
140377
139606
136612
131527
124607
116210
106759
96707.1
86499.3
76537.7
67156.3
58605.7
51047.2
44557.1
39137.7
34733
31246.1
28556.4
26534.5
25053.9
23998.8
23269.4
22783.5
22476.3
22299.1
22216.7
22205
22248.6
22338.7
22471.6
22647.2
22868.3
23139.8
23468.3
23861
24325.2
24867.5
25492.4
26201.1
26990.8
27853.5
28775.3
29736.9
30714.3
31680.3
32607
33468.5
34244.2
34921.4
35498
35983
36397.2
36771
37141.1
37546.9
38024.5
38602.3
39295.9
40104.9
41011.1
41979.4
42959.9
43892.8
44714.2
45362.6
45785.2
45943.6
45817.3
45405.3
44726
43814.2
42717.6
41491.3
40192.7
38876.9
37592.7
36379.9
35268.2
34277.4
33418.7
32696.4
32110.6
31659.7
31343
31163.1
31127.8
31252.1
31559.6
32083.2
32865.4
33957.6
35418.2
37309.3
39691.7
42618.6
46127.9
50233.6
54917.8
60123.1
65748.2
71646.9
77631
83478.3
88945.9
93786.5
97767.2
100689
102404
102830
101955
99841.4
96619.5
92474.4
87630.5
82332.1
76824.3
71335.5
66063.1
61164.5
56751.7
52892.3
49612.5
46904.2
44733.3
43048.1
41787.5
40888.5
40291.9
39947.7
39819.1
39887.6
40158.9
40672.8
41516.5
42846.7
44920.5
48139.8
53110.8
60723
72246.1
89446.4
114717
151209
202960
274977
373271
504789
677224
898667
1.18E+06
1.52E+06
1.93E+06
2.42E+06
2.97E+06
3.60E+06
4.28E+06
5.00E+06
5.74E+06
6.47E+06
7.18E+06
7.82E+06
8.37E+06
8.80E+06
9.08E+06
9.22E+06
9.19E+06
9.00E+06
8.66E+06
8.18E+06
7.60E+06
6.93E+06
6.21E+06
5.47E+06
4.73E+06
4.02E+06
3.36E+06
2.75E+06
2.22E+06
1.76E+06
1.38E+06
1.06E+06
803362
601363
445558
327872
240782
177605
132653
101260
79727.1
65229.9
55689.2
49648.7
46162.5
44706.8
45117.8
47559.9
52522.7
60843.8
73752.8
92929.9
120569
159433
212886
284880
379885
502737
658390
851568
1.09E+06
1.37E+06
1.69E+06
2.06E+06
2.47E+06
2.91E+06
3.38E+06
3.85E+06
4.32E+06
4.77E+06
5.18E+06
5.52E+06
5.79E+06
5.97E+06
6.06E+06
6.04E+06
5.92E+06
5.71E+06
5.41E+06
5.05E+06
4.63E+06
4.18E+06
3.72E+06
3.26E+06
2.83E+06
2.42E+06
2.06E+06
1.76E+06
1.50E+06
1.30E+06
1.16E+06
1.07E+06
1.02E+06
1.00E+06
1.02E+06
1.06E+06
1.11E+06
1.18E+06
1.24E+06
1.29E+06
1.33E+06
1.36E+06
1.36E+06
1.35E+06
1.31E+06
1.26E+06
1.18E+06
1.10E+06
998787
895291
789302
684430
583790
489870
404469
328694
263018
207365
161230
123797
94060.5
70927.5
53302.5
40149.9
30536.1
23651.4
18817.9
15485.7
13222.1
11695.8
10661.4
9942.01
9415.47
9000.98
8648.84
8332.13
8040.52
7775.84
7549.4
7380.78
7297.98
7338.9
7553.95
8009.74
8793.57
10018.3
11827.4
14398.7
17947.6
22726.3
29020.2
37139.4
47404.3
60125.3
75576.3
93964.1
115394
139835
167090
196773
228297
260877
293553
325228
354726
380862
402517
418722
428725
432048
428531
418338
401946
380109
353800
324138
292310
259493
226783
195143
165356
138009
113487
91987.4
73537.7
58031
45258.4
34942.9
26771.1
20419.2
15573.5
11944.7
9276.81
7351.24
5987.04
5038.7
4392.31
3960.89
3679.58
3501.07
3391.62
3327.61
3292.87
3276.46
3271.17
3272.25
3276.65
3282.42
3288.33
3293.61
3297.78
3300.6
3301.94
3301.81
3300.27
3297.45
3293.53
3288.72
3283.26
3277.37
3271.3
3265.29
3259.57
3254.39
3250.03
3246.8
3245.12
3245.49
3248.63
3255.48
3267.33
3285.86
3313.33
3352.65
3407.55
3482.75
3584.1
3718.8
3895.51
4124.61
4418.29
4790.74
5258.3
5839.5
6555.15
7428.17
8483.43
9747.27
11246.7
13008.2
15056.2
17411.3
20087.1
23088.1
26406
30017.6
33881.3
37936.5
42102.3
46278.6
50349.4
54186.7
57657
60628.6
62979.8
64607.3
65433.2
65411.7
64532.2
62821.4
60341.1
57185.1
53472.2
49338.8
44930.2
40391.5
35859.9
31457.6
27286.8
23426.8
19933
16837.1
14149.6
11863.2
9956.15
8396.35
7145.35
6161.57
5403.14
4830.08
4405.74
4097.76
3878.41
3724.66
3617.89
3543.49
3490.33
3450.19
3417.28
3387.69
3359.03
3329.99
3300.06
3269.3
3238.08
3206.99
3176.68
3147.76
3120.78
3096.2
3074.33
3055.35
3039.34
3026.28
3016.05
3008.5
3003.43
3000.65
2999.95
3001.2
3004.29
3009.18
3015.92
3024.65
3035.58
3049.03
3065.41
3085.18
3108.86
3136.96
3169.97
3208.32
3252.25
3301.84
3356.92
3417.01
3481.32
3548.74
3617.84
3686.92
3754.1
3817.38
3874.79
3924.49
3964.85
3994.64
4013.03
4019.68
4014.75
3998.88
3973.13
3938.92
3897.89
3851.81
3802.45
3751.49
3700.45
3650.55
3602.77
3557.77
3515.93
3477.37
3442
3409.59
3379.78
3352.17
3326.34
3301.92
3278.55
3255.97
3233.97
3212.38
3191.12
3170.13
3149.38
3128.85
3108.56
3088.48
3068.63
3049.01
3029.64
3010.56
2991.82
2973.54
2955.83
2938.88
2922.9
2908.14
2894.86
2883.35
2873.88
2866.72
2862.06
2860.1
2860.94
2864.62
2871.14
2880.42
2892.35
2906.8
2923.62
2942.69
2963.95
2987.39
3013.11
3041.32
3072.32
3106.54
3144.47
3186.67
3233.72
3286.15
3344.4
3408.8
3479.48
3556.36
3639.19
3727.47
3820.61
3917.89
4018.62
4122.17
4228.12
4336.29
4446.79
4560.04
4676.71
4797.61
4923.59
5055.29
5193.01
5336.44
5484.59
5635.58
5786.69
5934.39
6074.53
6202.63
6314.22
6405.36
6473.09
6515.98
6534.67
6532.33
6515.13
6492.59
6477.83
6487.82
6543.35
6669.03
6893.06
7246.74
7763.9
8479.88
9430.29
10649.4
12168.1
14011.8
16197.7
18732.1
21608.4
24804.5
28281.1
31981.5
35831.5
39741
43607
47317.5
50756.8
53810.9
56374.5
58356.6
59686.1
60316.3
60227.6
59429.1
57957.7
55875.3
53265.4
50227.1
46869.4
43305.1
39643.8
35987.5
32425.6
29032.3
25864.2
22960.6
20344.1
18022.3
15990.2
14233.3
12730.2
11455.5
10382.2
9483.52
8734.53
8112.82
7599.04
7176.88
6832.78
6555.52
6335.65
6164.91
6035.81
5941.22
5874.13
5827.55
5794.53
5768.31
5742.48
5711.22
5669.58
5613.63
5540.62
5449.12
5338.95
5211.16
5067.87
4912.04
4747.28
4577.55
4406.91
4239.28
4078.25
3926.87
3787.62
3662.24
3551.83
3456.8
3376.97
3311.66
3259.78
3219.95
3190.61
3170.1
3156.75
3148.97
3145.28
3144.33
3144.96
3146.19
3147.18
3147.3
3146.02
3143
3137.97
3130.82
3121.5
3110.08
3096.68
3081.51
3064.85
3047.03
3028.39
3009.34
2990.26
2971.52
2953.47
2936.4
2920.53
2906
2892.88
2881.15
2870.7
2861.35
2852.89
2845.03
2837.48
2829.93
2822.1
2813.73
2804.61
2794.59
2783.56
2771.5
2758.46
2744.53
2729.88
2714.73
2699.31
2683.89
2668.76
2654.18
2640.42
2627.7
2616.21
2606.09
2597.43
2590.27
2584.61
2580.4
2577.55
2575.95
2575.48
2575.99
2577.37
2579.48
2582.23
2585.54
2589.35
2593.63
2598.36
2603.54
2609.18
2615.29
2621.87
2628.92
2636.44
2644.38
2652.72
2661.39
2670.35
2679.51
2688.83
2698.26
2707.77
2717.36
2727.04
2736.88
2746.96
2757.4
2768.34
2779.94
2792.35
2805.7
2820.12
2835.68
2852.39
2870.19
2888.94
2908.42
2928.32
2948.27
2967.81
2986.45
3003.71
3019.07
3032.09
3042.37
3049.61
3053.62
3054.34
3051.85
3046.35
3038.18
3027.78
3015.69
3002.5
2988.87
2975.44
2962.9
2951.91
2943.14
2937.25
2934.94
2937.01
2944.33
2957.97
2979.25
3009.78
3051.56
3107.01
3179.01
3270.93
3386.58
3530.17
3706.16
3919.13
4173.51
4473.33
4821.85
5221.23
5672.18
6173.55
6722.06
7312.08
7935.45
8581.57
9237.51
9888.37
10517.8
11108.6
11643.4
12105.7
12480.6
12755.4
12920.7
12970.6
12903.1
12720.6
12429.1
12038.5
11561.9
11014.8
10414.3
9778.4
9125.14
8471.81
7834.31
7226.62
6660.46
6145.05
5687.11
5290.89
4958.39
4689.6
4482.81
4334.94
4241.88
4198.76
4200.23
4240.66
4314.34
4415.59
4538.87
4678.82
4830.28
4988.37
5148.44
5306.09
5457.19
5597.88
5724.64
5834.23
5923.83
5991.03
6033.91
6051.11
6041.82
6005.9
5943.83
5856.76
5746.47
5615.32
5466.16
5302.26
5127.19
4944.64
4758.35
4571.93
4388.76
4211.84
4043.78
3886.66
3742.05
3610.99
3493.99
3391.13
3302.06
3226.09
3162.3
3109.56
3066.66
3032.34
3005.37
2984.59
2968.93
2957.47
2949.42
2944.15
2941.16
2940.11
2940.79
2943.1
2947.04
2952.69
2960.2
2969.75
2981.54
2995.77
3012.61
3032.17
3054.49
3079.53
3107.11
3136.97
3168.69
3201.75
3235.5
3269.21
3302.08
3333.27
3361.93
3387.28
3408.58
3425.22
3436.75
3442.88
3443.48
3438.65
3428.65
3413.92
3395.03
3372.68
3347.64
3320.75
3292.83
3264.67
3237.03
3210.57
3185.85
3163.34
3143.37
3126.18
3111.9
3100.55
3092.09
3086.41
3083.33
3082.66
3084.18
3087.64
3092.83
3099.5
3107.46
3116.51
3126.49
3137.26
3148.69
3160.68
3173.17
3186.09
3199.41
3213.09
3227.11
3241.48
3256.18
3271.22
3286.61
3302.36
3318.49
3335.02
3352
3369.45
3387.43
3406
3425.21
3445.15
3465.89
3487.51
3510.1
3533.73
3558.49
3584.43
3611.61
3640.05
3669.8
3700.83
3733.15
3766.73
3801.51
3837.45
3874.49
3912.56
3951.6
3991.54
4032.34
4073.93
4116.3
4159.41
4203.25
4247.83
4293.16
4339.25
4386.14
4433.86
4482.42
4531.85
4582.15
4633.32
4685.32
4738.09
4791.58
4845.65
4900.2
4955.07
5010.1
5065.09
5119.88
5174.26
5228.07
5281.12
5333.27
5384.37
5434.31
5482.99
5530.32
5576.22
5620.64
5663.5
5704.75
5744.31
5782.07
5817.95
5851.81
5883.51
5912.89
5939.78
5963.99
5985.36
6003.7
6018.86
6030.7
6039.11
6044.04
6045.48
6043.45
6038.08
6029.56
6018.15
6004.24
5988.33
5971.06
5953.25
5935.9
5920.26
5907.85
5900.52
5900.5
5910.43
5933.45
5973.22
6033.97
6120.52
6238.27
6393.21
6591.84
6841.09
7148.2
7520.51
7965.3
8489.49
9099.38
9800.29
10596.3
11489.8
12481.4
13569.3
14749.3
16014.4
17354.9
18758
20208.3
21687.5
23174.8
24647.4
26080.6
27448.6
28725.1
29883.9
30899.7
31749
32410.6
32866.8
33103.8
33112.5
32888.6
32433.5
31754
30862
29774.8
28514
27105.1
25576.4
23958
22281
20576.2
18873.1
17199
15578.3
14032.1
12577.2
11226.5
9989.01
8869.5
7869.31
6986.62
6216.99
5553.86
4989.19
4513.9
4118.42
3793.07
3528.41
3315.5
3146.09
3012.73
2908.86
2828.75
2767.55
2721.17
2686.23
2660.01
2640.28
2625.31
2613.71
2604.45
2596.71
2589.9
2583.59
2577.48
2571.37
2565.15
2558.78
2552.27
2545.68
2539.11
2532.69
2526.55
2520.85
2515.76
2511.46
2508.09
2505.81
2504.75
2505.02
2506.7
2509.85
2514.48
2520.59
2528.11
2536.98
2547.07
2558.24
2570.33
2583.16
2596.53
2610.25
2624.13
2637.98
2651.63
2664.95
2677.82
2690.14
2701.86
2712.96
2723.44
2733.33
2742.7
2751.61
2760.16
2768.44
2776.55
2784.59
2792.65
2800.81
2809.11
2817.61
2826.33
2835.29
2844.48
2853.88
2863.47
2873.21
2883.09
2893.06
2903.11
2913.22
2923.39
2933.62
2943.93
2954.35
2964.9
2975.63
2986.58
2997.79
3009.28
3021.1
3033.26
3045.76
3058.6
3071.75
3085.18
3098.85
3112.69
3126.63
3140.6
3154.52
3168.31
3181.89
3195.19
3208.12
3220.63
3232.66
3244.15
3255.07
3265.37
3275.02
3284
3292.28
3299.82
3306.59
3312.58
3317.74
3322.04
3325.44
3327.9
3329.4
3329.88
3329.33
3327.72
3325.03
3321.25
3316.38
3310.44
3303.45
3295.42
3286.41
3276.46
3265.61
3253.93
3241.47
3228.3
3214.5
3200.13
3185.28
3170.03
3154.48
3138.73
3122.88
3107.06
3091.38
3075.99
3061.01
3046.61
3032.92
3020.1
3008.31
2997.7
2988.43
2980.68
2974.62
2970.42
2968.31
2968.51
2971.3
2977.03
2986.1
2999.02
3016.39
3038.97
3067.63
3103.41
3147.52
3201.3
3266.27
3344.05
3436.31
3544.78
3671.11
3816.79
3983.09
4170.9
4380.63
4612.11
4864.48
5136.06
5424.36
5725.99
6036.72
6351.48
6664.53
6969.56
7259.88
7528.69
7769.27
7975.32
8141.16
8261.99
8334.13
8355.18
8324.11
8241.37
8108.82
7929.72
7708.51
7450.72
7162.65
6851.19
6523.51
6186.8
5848.03
5513.73
5189.8
4881.36
4592.66
4327.03
4086.84
3873.57
3687.83
3529.44
3397.56
3290.75
3207.11
3144.38
3100.03
3071.39
3055.68
3050.16
3052.12
3058.99
3068.38
3078.13
3086.3
3091.27
3091.68
3086.53
3075.09
3056.96
3032.06
3000.56
2962.89
2919.68
2871.75
2820.05
2765.6
2709.46
2652.69
2596.3
2541.25
2488.35
2438.32
2391.73
2349.01
2310.45
2276.2
2246.29
2220.65
2199.09
2181.38
2167.21
2156.23
2148.07
2142.35
2138.7
2136.74
2136.12
2136.52
2137.63
2139.19
2140.96
2142.74
2144.36
2145.7
2146.64
2147.13
2147.12
2146.62
2145.63
2144.21
2142.41
2140.31
2138
2135.58
2133.15
2130.8
2128.63
2126.7
2125.08
2123.81
2122.92
2122.42
2122.29
2122.5
2123
2123.74
2124.66
2125.66
2126.69
2127.68
2128.55
2129.25
2129.74
2129.98
2129.94
2129.61
2129.01
2128.12
2126.98
2125.61
2124.03
2122.27
2120.37
2118.36
2116.26
2114.11
2111.92
2109.71
2107.51
2105.33
2103.18
2101.08
2099.03
2097.04
2095.12
2093.28
2091.51
2089.83
2088.22
2086.69
2085.22
2083.8
2082.42
2081.06
2079.7
2078.3
2076.84
2075.29
2073.63
2071.82
2069.85
2067.7
2065.35
2062.8
2060.06
2057.14
2054.06
2050.87
2047.61
2044.34
2041.11
2037.99
2035.07
2032.41
2030.1
2028.2
2026.77
2025.88
2025.58
2025.89
2026.83
2028.42
2030.64
2033.46
2036.85
2040.74
2045.06
2049.75
2054.71
2059.84
2065.05
2070.23
2075.29
2080.12
2084.63
2088.74
2092.35
2095.41
2097.86
2099.64
2100.74
2101.13
2100.81
2099.79
2098.1
2095.77
2092.85
2089.42
2085.53
2081.27
2076.72
2071.97
2067.09
2062.2
2057.35
2052.65
2048.15
2043.94
2040.07
2036.61
2033.58
2031.05
2029.04
2027.57
2026.68
2026.37
2026.65
2027.54
2029.03
2031.13
2033.82
2037.09
2040.92
2045.29
2050.19
2055.56
2061.37
2067.58
2074.13
2080.98
2088.05
2095.29
2102.61
2109.96
2117.26
2124.43
2131.41
2138.11
2144.49
2150.46
2155.98
2160.99
2165.46
2169.35
2172.63
2175.29
2177.33
2178.74
2179.54
2179.74
2179.38
2178.49
2177.11
2175.28
2173.06
2170.49
2167.62
2164.5
2161.18
2157.7
2154.11
2150.43
2146.7
2142.94
2139.18
2135.45
2131.74
2128.08
2124.48
2120.94
2117.47
2114.08
2110.78
2107.55
2104.41
2101.35
2098.37
2095.45
2092.58
2089.75
2086.92
2084.07
2081.17
2078.16
2075.02
2071.69
2068.14
2064.3
2060.15
2055.65
2050.76
2045.46
2039.74
2033.59
2027.03
2020.06
2012.72
2005.05
1997.1
1988.93
1980.61
1972.2
1963.8
1955.48
1947.33
1939.44
1931.91
1924.82
1918.26
1912.32
1907.06
1902.57
1898.91
1896.13
1894.29
1893.42
1893.54
1894.67
1896.81
1899.94
1904.04
1909.08
1915.01
1921.79
1929.35
1937.63
1946.56
1956.08
1966.13
1976.62
1987.51
1998.72
2010.2
2021.9
2033.74
2045.69
2057.7
2069.7
2081.64
2093.48
2105.17
2116.64
2127.85
2138.75
2149.29
2159.42
2169.11
2178.32
2187.02
2195.17
2202.75
2209.74
2216.12
2221.87
2226.96
2231.37
2235.06
2237.99
2240.12
2241.41
2241.79
2241.22
2239.63
2237
2233.27
2228.41
2222.43
2215.33
2207.13
2197.91
2187.73
2176.7
2164.95
2152.62
2139.87
2126.88
2113.82
2100.86
2088.18
2075.93
2064.25
2053.26
2043.06
2033.73
2025.3
2017.79
2011.2
2005.5
2000.62
1996.51
1993.07
1990.21
1987.83
1985.82
1984.09
1982.55
1981.09
1979.66
1978.17
1976.59
1974.87
1973
1970.97
1968.79
1966.47
1964.06
1961.58
1959.09
1956.64
1954.29
1952.08
1950.08
1948.33
1946.86
1945.73
1944.95
1944.53
1944.49
1944.81
1945.47
1946.46
1947.71
1949.21
1950.87
1952.66
1954.51
1956.35
1958.13
1959.79
1961.28
1962.56
1963.6
1964.37
1964.86
1965.07
1965
1964.69
1964.15
1963.43
1962.58
1961.63
1960.65
1959.7
1958.82
1958.06
1957.48
1957.12
1957.01
1957.17
1957.64
1958.42
1959.5
1960.89
1962.58
1964.54
1966.76
1969.2
1971.83
1974.63
1977.56
1980.59
1983.7
1986.86
1990.04
1993.23
1996.41
1999.58
2002.71
2005.82
2008.89
2011.93
2014.94
2017.92
2020.87
2023.8
2026.71
2029.59
2032.46
2035.3
2038.13
2040.92
2043.68
2046.4
2049.07
2051.69
2054.25
2056.74
2059.17
2061.51
2063.78
2065.98
2068.11
2070.17
2072.17
2074.13
2076.05
2077.94
2079.81
2081.67
2083.53
2085.39
2087.25
2089.11
2090.97
2092.8
2094.59
2096.34
2098.01
2099.59
2101.07
2102.43
2103.68
2104.84
2105.92
2107
2108.16
2109.52
2111.24
2113.54
2116.69
2121.01
2126.89
2134.82
2145.32
2159.01
2176.58
2198.77
2226.41
2260.34
2301.46
2350.65
2408.8
2476.73
2555.2
2644.83
2746.12
2859.37
2984.66
3121.83
3270.47
3429.89
3599.12
3776.95
3961.91
4152.35
4346.51
4542.5
4738.46
4932.6
5123.28
5309.09
5488.9
5661.96
5827.9
5986.74
6138.9
6285.18
6426.66
6564.67
6700.63
6835.97
6972.02
7109.84
7250.12
7393.07
7538.35
7685
7831.43
7975.4
8114.1
8244.26
8362.19
8464.01
8545.77
8603.61
8634
8633.82
8600.59
8532.55
8428.78
8289.23
8114.75
7907.06
7668.74
7403.04
7113.87
6805.56
6482.77
6150.32
5813.01
5475.5
5142.15
4816.94
4503.37
4204.38
3922.37
3659.11
3415.84
3193.23
2991.46
2810.28
2649.07
2506.91
2382.63
2274.93
2182.38
2103.52
2036.88
1981.05
1934.65
1896.41
1865.18
1839.89
1819.61
1803.5
1790.86
1781.05
1773.56
1767.94
1763.82
1760.89
1758.89
1757.62
1756.92
1756.64
1756.69
1756.97
1757.44
1758.03
1758.73
1759.5
1760.34
1761.24
1762.21
1763.26
1764.39
1765.61
1766.95
1768.42
1770.02
1771.77
1773.67
1775.73
1777.93
1780.26
1782.7
1785.23
1787.81
1790.39
1792.94
1795.4
1797.71
1799.83
1801.69
1803.24
1804.44
1805.26
1805.66
1805.62
1805.14
1804.22
1802.9
1801.18
1799.14
1796.8
1794.24
1791.52
1788.7
1785.86
1783.04
1780.3
1777.68
1775.21
1772.9
1770.76
1768.76
1766.88
1765.07
1763.29
1761.48
1759.57
1757.5
1755.21
1752.65
1749.78
1746.57
1742.99
1739.07
1734.8
1730.23
1725.4
1720.38
1715.24
1710.06
1704.93
1699.94
1695.16
1690.67
1686.55
1682.85
1679.62
1676.89
1674.66
1672.95
1671.74
1671
1670.69
1670.77
1671.17
1671.85
1672.74
1673.78
1674.91
1676.09
1677.26
1678.38
1679.42
1680.36
1681.18
1681.87
1682.44
1682.88
1683.21
1683.44
1683.58
1683.66
1683.67
1683.65
1683.59
1683.52
1683.43
1683.33
1683.21
1683.07
1682.9
1682.68
1682.41
1682.06
1681.62
1681.06
1680.38
1679.54
1678.55
1677.38
1676.02
1674.46
1672.7
1670.74
1668.56
1666.19
1663.62
1660.86
1657.93
1654.84
1651.61
1648.25
1644.8
1641.28
1637.71
1634.14
1630.58
1627.07
1623.65
1620.35
1617.2
1614.25
1611.51
1609.02
1606.8
1604.88
1603.27
1601.99
1601.02
1600.39
1600.08
1600.07
1600.35
1600.9
1601.69
1602.68
1603.83
1605.12
1606.49
1607.91
1609.34
1610.73
1612.05
1613.25
1614.31
1615.2
1615.88
1616.34
1616.56
1616.53
1616.23
1615.68
1614.86
1613.79
1612.49
1610.96
1609.23
1607.33
1605.28
1603.1
1600.85
1598.53
1596.2
1593.87
1591.59
1589.38
1587.26
1585.27
1583.4
1581.69
1580.13
1578.74
1577.5
1576.41
1575.46
1574.63
1573.89
1573.24
1572.63
1572.04
1571.45
1570.82
1570.14
1569.37
1568.51
1567.52
1566.41
1565.16
1563.78
1562.26
1560.62
1558.87
1557.03
1555.1
1553.13
1551.12
1549.1
1547.09
1545.12
1543.2
1541.36
1539.6
1537.95
1536.41
1534.99
1533.7
1532.55
1531.55
1530.71
1530.06
1529.62
1529.44
1529.57
1530.07
1531.03
1532.57
1534.82
1537.95
1542.14
1547.62
1554.63
1563.47
1574.44
1587.88
1604.14
1623.6
1646.64
1673.63
1704.94
1740.89
1781.78
1827.85
1879.26
1936.08
1998.29
2065.74
2138.16
2215.11
2296.06
2380.28
2466.94
2555.04
2643.49
2731.07
2816.52
2898.49
2975.65
3046.66
3110.25
3165.25
3210.61
3245.41
3268.97
3280.77
3280.54
3268.25
3244.08
3208.47
3162.05
3105.65
3040.3
2967.12
2887.38
2802.39
2713.51
2622.08
2529.42
2436.77
2345.29
2256.02
2169.87
2087.61
2009.86
1937.1
1869.69
1807.81
1751.56
1700.92
1655.78
1615.94
1581.16
1551.15
1525.58
1504.11
1486.4
1472.11
1460.91
1452.51
1446.62
1442.99
1441.39
1441.62
1443.52
1446.92
1451.71
1457.77
1465
1473.31
1482.6
1492.79
1503.76
1515.42
1527.64
1540.29
1553.2
1566.2
1579.12
1591.73
1603.84
1615.22
1625.64
1634.88
1642.72
1648.98
1653.47
1656.05
1656.58
1654.99
1651.25
1645.33
1637.3
1627.22
1615.22
1601.46
1586.13
1569.45
1551.65
1532.99
1513.71
1494.08
1474.35
1454.75
1435.51
1416.82
1398.85
1381.75
1365.63
1350.59
1336.67
1323.92
1312.33
1301.9
1292.59
1284.36
1277.13
1270.84
1265.41
1260.76
1256.82
1253.49
1250.71
1248.4
1246.49
1244.92
1243.64
1242.59
1241.73
1241.03
1240.45
1239.96
1239.53
1239.13
1238.76
1238.38
1237.97
1237.52
1237
1236.4
1235.7
1234.89
1233.93
1232.83
1231.55
1230.11
1228.47
1226.64
1224.62
1222.4
1220
1217.42
1214.67
1211.78
1208.76
1205.64
1202.44
1199.19
1195.92
1192.66
1189.44
1186.28
1183.22
1180.28
1177.48
1174.85
1172.4
1170.14
1168.1
1166.27
1164.67
1163.3
1162.15
1161.23
1160.53
1160.04
1159.75
1159.65
1159.72
1159.95
1160.31
1160.79
1161.36
1162
1162.68
1163.38
1164.07
1164.74
1165.35
1165.88
1166.31
1166.61
1166.78
1166.79
1166.64
1166.3
1165.77
1165.05
1164.12
1162.99
1161.67
1160.14
1158.43
1156.52
1154.45
1152.2
1149.81
1147.27
1144.6
1141.81
1138.93
1135.95
1132.9
1129.79
1126.63
1123.43
1120.2
1116.96
1113.71
1110.46
1107.22
1104.01
1100.81
1097.66
1094.53
1091.46
1088.44
1085.47
1082.57
1079.75
1076.99
1074.32
1071.74
1069.26
1066.87
1064.58
1062.4
1060.32
1058.35
1056.49
1054.74
1053.08
1051.53
1050.06
1048.68
1047.37
1046.13
1044.94
1043.8
1042.69
1041.61
1040.54
1039.48
1038.42
1037.34
1036.26
1035.16
1034.04
1032.9
1031.75
1030.58
1029.39
1028.2
1027
1025.81
1024.62
1023.45
1022.29
1021.15
1020.04
1018.96
1017.91
1016.89
1015.9
1014.93
1013.99
1013.07
1012.17
1011.27
1010.37
1009.46
1008.53
1007.59
1006.6
1005.58
1004.5
1003.36
1002.16
1000.88
999.529
998.091
996.564
994.947
993.237
991.435
989.539
987.554
985.48
983.323
981.087
978.779
976.406
973.975
971.496
968.979
966.433
963.87
961.3
958.734
956.183
953.659
951.172
948.732
946.349
944.031
941.786
939.62
937.539
935.547
933.646
931.839
930.126
928.505
926.975
925.532
924.173
922.892
921.684
920.542
919.461
918.433
917.453
916.514
915.61
914.734
913.883
913.05
912.232
911.426
910.628
909.835
909.046
908.259
907.473
906.685
905.896
905.103
904.305
903.501
902.688
901.863
901.024
900.166
899.286
898.378
897.438
896.459
895.436
894.363
893.234
892.043
890.785
889.455
888.051
886.568
885.006
883.365
881.645
879.849
877.981
876.048
874.056
872.013
869.93
867.816
865.683
863.543
861.408
859.289
857.198
855.146
853.143
851.199
849.321
847.515
845.786
844.136
842.568
841.079
839.669
838.331
837.061
835.851
834.692
833.574
832.487
831.418
830.356
829.289
828.202
827.085
825.925
824.711
823.432
822.079
820.644
819.12
817.501
815.784
813.968
812.052
810.038
807.929
805.731
803.451
801.098
798.681
796.211
793.702
791.165
788.614
786.063
783.525
781.013
778.54
776.118
773.756
771.465
769.253
767.125
765.086
763.141
761.29
759.535
757.874
756.304
754.823
753.426
752.108
750.864
749.688
748.575
747.518
746.512
745.552
744.634
743.753
742.906
742.089
741.301
740.539
739.8
739.084
738.389
737.712
737.051
736.404
735.766
735.133
734.499
733.858
733.203
732.524
731.813
731.058
730.249
729.375
728.423
727.384
726.247
725.001
723.638
722.151
720.535
718.786
716.903
714.887
712.741
710.471
708.083
705.587
702.994
700.316
697.567
694.761
691.913
689.036
686.146
683.255
680.377
677.523
674.704
671.928
669.202
666.534
663.926
661.383
658.907
656.497
654.156
651.882
649.674
647.532
645.454
643.438
641.485
639.593
637.762
635.991
634.281
632.632
631.044
629.517
628.05
626.645
625.299
624.011
622.779
621.601
620.473
619.39
618.347
617.338
616.358
615.398
614.452
613.512
612.571
611.621
610.657
609.67
608.657
607.612
606.531
605.411
604.251
603.051
601.809
600.528
599.209
597.856
596.471
595.06
593.626
592.173
590.707
589.232
587.752
586.272
584.794
583.324
581.862
580.412
578.975
577.553
576.147
574.757
573.382
572.022
570.676
569.342
568.02
566.706
565.399
564.095
562.792
561.486
560.175
558.855
557.522
556.172
554.803
553.411
551.991
550.542
549.06
547.543
545.988
544.393
542.759
541.083
539.366
537.608
535.81
533.974
532.101
530.195
528.257
526.292
524.302
522.292
520.266
518.227
516.18
514.129
512.078
510.032
507.993
505.967
503.956
501.965
499.996
498.054
496.141
494.26
492.415
490.609
488.844
487.125
485.452
483.829
482.258
480.742
479.283
477.882
476.539
475.257
474.035
472.873
471.769
470.721
469.727
468.783
467.884
467.024
466.198
465.399
464.617
463.845
463.074
462.293
461.493
460.664
459.796
458.878
457.903
456.861
455.743
454.544
453.257
451.878
450.402
448.829
447.158
445.389
443.525
441.57
439.528
437.406
435.21
432.95
430.633
428.269
425.867
423.439
420.992
418.538
416.086
413.645
411.224
408.831
406.474
404.158
401.89
399.676
397.52
395.425
393.395
391.432
389.537
387.713
385.958
384.274
382.66
381.115
379.636
378.223
376.873
375.584
374.351
373.172
372.043
370.959
369.917
368.91
367.935
366.986
366.057
365.144
364.239
363.338
362.436
361.526
360.603
359.664
358.702
357.715
356.699
355.65
354.566
353.446
352.289
351.093
349.861
348.591
347.287
345.949
344.582
343.187
341.769
340.331
338.877
337.411
335.938
334.459
332.981
331.505
330.035
328.573
327.122
325.684
324.259
322.848
321.452
320.071
318.705
317.352
316.012
314.684
313.368
312.062
310.765
309.477
308.197
306.924
305.66
304.403
303.154
301.914
300.682
299.461
298.251
297.052
295.866
294.692
293.531
292.383
291.248
290.125
289.014
287.912
286.819
285.733
284.651
283.571
282.491
281.408
280.319
279.222
278.114
276.992
275.855
274.699
273.524
272.328
271.108
269.865
268.596
267.301
265.981
264.633
263.26
261.86
260.436
258.986
257.513
256.018
254.502
252.969
251.419
249.855
248.281
246.7
245.114
243.528
241.945
240.369
238.803
237.253
235.721
234.211
232.726
231.269
229.843
228.45
227.091
225.769
224.482
223.231
222.017
220.837
219.69
218.574
217.487
216.427
215.389
214.371
213.37
212.382
211.404
210.432
209.464
208.495
207.524
206.547
205.563
204.569
203.563
202.545
201.513
200.466
199.404
198.327
197.235
196.128
195.007
193.872
192.725
191.566
190.397
189.219
188.033
186.841
185.644
184.444
183.243
182.041
180.841
179.644
178.452
177.266
176.088
174.92
173.762
172.616
171.484
170.366
169.265
168.179
167.112
166.062
165.032
164.02
163.027
162.053
161.098
160.162
159.242
158.34
157.452
156.58
155.72
154.872
154.034
153.204
152.38
151.562
150.747
149.934
149.122
148.308
147.493
146.675
145.853
145.028
144.199
143.365
142.528
141.688
140.845
140.001
139.157
138.313
137.471
136.633
135.8
134.972
134.152
133.339
132.536
131.742
130.959
130.186
129.423
128.671
127.929
127.197
126.473
125.757
125.048
124.345
123.647
122.953
122.261
121.572
120.883
120.194
119.505
118.815
118.123
117.43
116.735
116.038
115.339
114.638
113.936
113.233
112.529
111.825
111.12
110.415
109.71
109.006
108.302
107.598
106.895
106.191
105.488
104.785
104.081
103.376
102.671
101.964
101.256
100.547
99.8355
99.1226
98.4079
97.6918
96.9743
96.256
95.5372
94.8186
94.1007
93.3845
92.6707
91.9602
91.254
90.5531
89.8585
89.1711
88.4919
87.8218
87.1616
86.5121
85.8739
85.2476
84.6335
84.0319
83.4432
82.8672
82.304
81.7533
81.215
80.6887
80.174
79.6704
79.1773
78.6941
78.2203
77.755
77.2977
76.8476
76.404
75.9661
75.5331
75.1043
74.6789
74.256
73.8349
73.4147
72.9947
72.5741
72.152
71.7277
71.3006
70.8698
70.4349
69.9953
69.5505
69.1002
68.644
68.182
67.7139
67.2398
66.7601
66.2748
65.7846
65.2897
64.791
64.2889
63.7843
63.2778
62.7705
62.2629
61.7561
61.2507
60.7477
60.2476
59.7512
59.2592
58.772
58.2902
57.8141
57.344
56.8801
56.4226
55.9714
55.5266
55.0881
54.6556
54.2289
53.8078
53.392
52.9809
52.5744
52.1719
51.7731
51.3776
50.9849
50.5946
50.2065
49.82
49.435
49.0511
48.6679
48.2854
47.9033
47.5214
47.1396
46.7579
46.376
45.9942
45.6123
45.2304
44.8486
44.467
44.0858
43.7052
43.3255
42.9467
42.5693
42.1935
41.8197
41.4481
41.079
40.7129
40.3499
39.9904
39.6346
39.2828
38.9351
38.5916
38.2524
37.9174
37.5866
37.2597
36.9365
36.6166
36.2996
35.9849
35.6718
35.3597
35.0478
34.7351
34.4209
34.1041
33.784
33.4594
33.1295
32.7933
32.4502
32.0992
31.7398
31.3713
30.9934
30.6057
30.208
29.8005
29.3831
28.9563
28.5204
28.0761
27.6242
27.1654
26.7007
26.2313
25.7583
25.2829
24.8062
24.3297
23.8544
23.3817
22.9126
22.4484
21.9899
21.5381
21.0938
20.6578
20.2304
19.8122
19.4035
19.0043
18.6148
18.2348
17.8642
17.5025
17.1495
16.8046
16.4674
16.1371
15.8131
15.4948
15.1816
14.8726
14.5673
14.265
13.9651
13.667
13.3702
13.0742
12.7786
12.483
12.1872
11.8909
11.5939
11.2961
10.9975
10.6982
10.398
10.0972
9.7959
9.49429
9.19262
8.89115
8.59016
8.28999
7.99097
7.69346
7.39783
7.10445
6.81373
6.52604
6.24178
5.96134
5.6851
5.41345
5.14675
4.88536
4.62962
4.37987
4.13641
3.89954
3.66952
3.44661
3.23103
3.02296
2.82259
2.63006
2.44547
2.26891
2.10043
1.94004
1.78775
1.6435
1.50723
1.37884
1.2582
1.14516
1.03953
0.941111
0.849685
0.765006
0.686815
0.614838
0.54879
0.488376
0.433296
0.383245
0.337915
0.297002
0.260202
0.227218
0.197759
0.171542
0.148295
0.127758
0.109682
0.0938321
0.079987
0.0679395
0.0574967
0.0484804
0.0407263
0.0340844
0.0284179
0.0236031
0.0195288
0.0160951
0.0132133
0.0108048
0.00880034
0.00713908
0.00576814
0.00464161
0.00371988
0.00296897
0.00235987
0.00186796
0.00147242
0.00115578
0.000903411
0.000703159
0.000544969
0.000420564
0.000323166
0.000247254
0.000188357
0.000142866
0.00010789
8.11E-05
6.07E-05
4.53E-05
3.36E-05
2.48E-05
1.82E-05
1.34E-05
9.74E-06
7.06E-06
5.10E-06
3.67E-06
2.63E-06
1.87E-06
1.33E-06
9.38E-07
6.59E-07
4.61E-07
3.21E-07
2.23E-07
1.54E-07
1.06E-07
7.22E-08
4.92E-08
3.33E-08
2.25E-08
1.51E-08
1.01E-08
6.70E-09
4.43E-09
2.92E-09
1.91E-09
1.25E-09
8.10E-10
5.23E-10
3.36E-10
2.15E-10
1.36E-10
8.59E-11
5.37E-11
3.34E-11
2.05E-11
1.23E-11
7.34E-12
4.19E-12
2.40E-12
1.16E-12
