$SPEC_ID:
c060
$SPEC_REM:
DET# 1
DETDESC# LAPTOP-D9BH7L44 DetectiveEx SN 19190267
AP# GammaVision Version 8.10.02
$DATE_MEA:
01/31/2021 20:03:28
$MEAS_TIM:
300.00 464.06
$DATA:
0 8191
       0
       0
       0
       0
       0
       0
       0
       0
       0
       0
       0
       0
       0
       0
       0
       0
       0
       1
       0
       0
       0
       0
       1
       2
       0
       5
       7
       9
      62
     193
    7584
   15014
   14770
   14859
   14205
   13733
   12897
   12484
   11603
   11024
   10287
    9977
    9265
    8807
    8304
    7706
    7706
    6821
    6230
    6038
    5740
    5584
    5527
    5465
    5419
    5416
    5534
    5992
    6499
    5697
    5667
    5551
    5464
    6015
    6138
    6497
    5903
    5061
    4852
    4692
    4542
    4453
    4493
    4903
    5119
    4820
    4644
    4355
    4393
    4538
    4436
    4392
    4164
    4339
    4278
    4111
    4180
    4157
    4118
    4045
    4027
    4056
    4029
    4026
    3971
    4045
    3967
    3902
    4031
    3909
    3955
    3888
    3891
    3792
    3843
    3768
    3900
    3809
    3892
    3755
    3970
    3755
    3706
    3688
    3596
    3655
    3560
    3653
    3488
    3505
    4022
    6714
    7588
    4267
    3445
    3363
    3355
    3335
    3207
    3286
    3326
    3297
    3233
    3266
    3249
    3274
    3189
    3068
    3310
    3356
    3240
    3424
    3315
    3036
    3043
    2970
    2996
    3112
    3076
    2916
    2944
    2977
    3352
    3038
    2934
    2936
    2976
    2848
    2959
    2833
    2844
    2747
    2941
    2770
    2605
    2709
    2760
    2678
    2594
    2685
    2756
    3473
    7224
    6986
    3193
    2568
    2588
    2628
    2467
    2429
    2399
    2398
    2379
    2436
    2511
    2386
    2317
    2349
    2261
    2282
    2177
    2309
    2254
    2225
    2243
    2203
    2152
    2141
    2151
    2066
    2139
    2128
    2062
    2050
    2061
    2087
    2101
    2153
    2039
    1987
    2051
    2010
    2008
    2011
    1963
    1946
    1984
    1944
    1876
    1917
    2073
    2068
    1903
    1821
    1810
    1840
    1797
    1839
    1859
    1846
    1831
    1732
    1761
    1723
    1728
    1764
    1735
    1766
    1690
    1664
    1649
    1814
    1866
    1726
    1619
    1634
    1640
    1634
    1624
    1606
    1574
    1595
    1608
    1644
    1546
    1629
    1577
    1669
    1686
    1799
    1604
    1557
    1571
    1491
    1560
    1508
    1512
    1518
    1488
    1575
    1499
    1496
    1454
    1568
    1472
    1507
    1501
    1463
    1468
    1415
    1511
    1411
    1488
    1714
    1705
    1515
    1501
    1429
    1395
    1423
    1418
    1375
    1419
    1443
    1385
    1411
    1393
    1347
    1382
    1379
    1343
    1266
    1331
    1322
    1392
    1424
    1544
    1473
    1282
    1244
    1423
    1308
    1276
    1298
    1376
    1299
    1277
    1356
    1327
    1321
    1269
    1228
    1226
    1215
    1209
    1237
    1205
    1261
    1162
    1154
    1122
    1180
    1223
    1226
    1223
    1251
    1278
    1250
    1186
    1150
    1258
    1113
    1175
    1167
    1165
    1145
    1170
    1181
    1139
    1073
    1078
    1090
    1055
    1183
    1133
    1160
    1147
    1178
    1150
    1099
    1107
    1152
    1217
    1141
    1104
    1002
    1092
    1091
    1031
    1021
    1051
    1026
     993
    1014
    1062
    1072
    1065
    1023
    1014
    1016
    1030
    1057
    1020
    1045
    1025
    1003
    1010
     952
     950
    1027
     999
    1019
     935
     948
    1026
    1007
     970
     991
    1005
     971
     949
     932
     976
     980
    1019
     931
     948
     973
    1003
    1078
    1174
    1163
    1066
     960
    1049
    1010
     981
     990
     999
     986
    1025
     955
     894
     903
     899
     860
     824
     898
     900
     865
     889
     878
     908
     966
    1084
    1067
     932
     935
     932
     926
     987
    1225
    1890
    3458
    4253
    3181
    1657
    1074
    1038
     988
     859
     825
     796
     819
     734
     788
     828
     868
     787
     743
     830
     780
     816
     799
     824
     769
     889
    1006
     849
     764
     791
     770
     745
     745
     795
     799
     765
     741
     768
     791
     748
     793
     813
     773
     795
     763
     813
     685
     763
     919
     949
    1008
    1017
    1106
    1578
    1918
    1337
    1033
     979
    1013
     973
     947
     884
     912
     911
     890
    1118
    1194
    1007
     906
     776
     829
     763
     817
     764
     797
     936
    1617
    2040
    1893
    1782
    1822
    1826
    1758
    1786
    1757
    1627
    1598
    1623
    1763
    1535
    1423
    1401
    1341
    1443
    1384
    1220
    1147
    1106
    1209
    1080
    1063
    1054
    1049
    1064
     962
     936
     953
     951
     938
     959
     892
     948
     882
     909
     923
     872
     837
     817
     792
     819
     801
     776
     825
     786
     810
     740
     809
     763
     799
     802
     760
     783
     782
     768
     778
     769
     748
     715
     707
     701
     764
     773
     751
     712
     654
     707
     697
     700
     651
     667
     698
     712
     673
     724
     661
     696
     666
     691
     714
     791
    1179
    1351
    1438
    1385
    1316
    1359
    1204
    1239
    1201
    1144
    1082
     994
     926
     934
     913
     903
     834
     782
     721
     722
     820
     735
     715
     716
     693
     726
     699
     660
     690
     649
     675
     657
     628
     659
     664
     595
     637
     584
     587
     646
     572
     556
     655
     552
     629
     618
     603
     615
     593
     624
     588
     595
     616
     657
     562
     620
     551
     570
     622
     603
     572
     561
     591
     632
     578
     568
     588
     589
     706
     610
     561
     538
     511
     507
     553
     507
     613
     579
     561
     575
     574
     577
     572
     556
     562
     548
     546
     561
     535
     554
     553
     525
     551
     499
     592
     771
    1451
    1396
     794
     576
     568
     533
     561
     529
     546
     528
     527
     491
     549
     525
     552
     508
     516
     486
     506
     483
     522
     551
     531
     558
     545
     565
     564
     613
     726
     840
     807
     851
     879
     890
     964
    1199
    1272
    1438
    2091
    1937
    1073
     801
     753
     694
     705
     666
     682
     659
     626
     660
     652
     674
     583
     611
     579
     605
     673
     738
     687
     614
     596
     608
     622
     565
     558
     548
     521
     645
     845
     691
     546
     585
     530
     533
     525
     511
     476
     548
     547
     537
     533
     549
     621
     791
     661
     523
     437
     471
     503
     474
     477
     473
     483
     516
     513
     483
     491
     481
     448
     485
     476
     453
     481
     468
     433
     464
     474
     497
     464
     454
     419
     480
     504
     458
     458
     492
     462
     459
     445
     470
     442
     441
     452
     457
     477
     429
     391
     423
     480
     439
     438
     439
     404
     468
     451
     438
     438
     481
     640
     618
     491
     459
     420
     451
     435
     433
     423
     415
     407
     415
     521
     388
     424
     424
     431
     439
     443
     458
     483
     465
     506
     509
     447
     411
     404
     449
     407
     394
     426
     390
     404
     421
     415
     402
     418
     418
     436
     422
     398
     377
     386
     419
     495
     772
     937
     743
     497
     443
     433
     401
     400
     384
     362
     379
     385
     345
     381
     379
     354
     381
     361
     396
     376
     395
     419
     418
     445
     488
     487
     510
     551
     501
     547
     507
     506
     547
     491
     536
     518
     485
     503
     462
     461
     450
     461
     528
     739
     878
     633
     410
     427
     440
     373
     454
     415
     421
     419
     396
     369
     406
     397
     393
     401
     355
     365
     368
     348
     357
     370
     370
     368
     367
     406
     455
     494
     454
     520
     452
     372
     411
     385
     377
     350
     361
     376
     371
     355
     316
     354
     362
     377
     398
     421
     411
     408
     376
     425
     375
     381
     333
     410
     394
     380
     430
     379
     406
     355
     364
     341
     336
     342
     374
     390
     388
     374
     338
     349
     356
     346
     371
     314
     331
     334
     311
     310
     316
     341
     348
     336
     380
     348
     355
     329
     346
     350
     354
     327
     329
     310
     328
     352
     389
     401
     352
     364
     354
     329
     318
     330
     351
     329
     303
     306
     326
     340
     322
     343
     329
     323
     331
     324
     309
     301
     341
     335
     313
     323
     317
     392
     417
     421
     355
     399
     369
     399
     389
     371
     347
     401
     401
     409
     381
     374
     419
     387
     369
     353
     380
     374
     359
     351
     376
     381
     324
     358
     356
     392
     419
     543
     557
     392
     309
     335
     314
     338
     345
     333
     346
     324
     335
     316
     326
     301
     330
     301
     327
     303
     302
     315
     319
     329
     315
     291
     306
     289
     292
     280
     316
     326
     310
     278
     290
     280
     313
     315
     276
     291
     295
     260
     294
     292
     285
     294
     304
     318
     347
     372
     386
     320
     308
     325
     316
     296
     266
     299
     335
     311
     278
     282
     305
     302
     269
     295
     263
     258
     264
     284
     290
     276
     274
     285
     297
     295
     250
     277
     359
     338
     290
     271
     280
     302
     302
     294
     256
     282
     280
     266
     282
     275
     310
     251
     275
     275
     286
     272
     270
     297
     290
     272
     277
     283
     279
     272
     261
     301
     301
     244
     296
     288
     283
     265
     345
     337
     302
     277
     271
     240
     244
     256
     305
     323
     315
     282
     296
     261
     254
     244
     247
     248
     274
     254
     259
     279
     270
     269
     287
     244
     238
     270
     274
     234
     257
     262
     256
     231
     277
     293
     288
     271
     292
     291
     269
     252
     259
     262
     233
     274
     265
     265
     257
     258
     254
     227
     235
     271
     254
     275
     301
     277
     313
     286
     303
     246
     278
     255
     245
     246
     240
     251
     213
     275
     239
     231
     235
     238
     271
     283
     261
     259
     267
     268
     408
     451
     419
     343
     329
     302
     294
     306
     259
     282
     301
     269
     315
     283
     283
     296
     284
     277
     261
     313
     316
     272
     260
     299
     262
     287
     256
     241
     278
     228
     273
     264
     279
     247
     272
     292
     272
     256
     257
     275
     264
     287
     271
     249
     277
     252
     258
     252
     250
     215
     256
     265
     247
     239
     211
     265
     267
     281
     260
     230
     228
     272
     220
     246
     264
     274
     276
     241
     237
     249
     276
     232
     268
     239
     231
     252
     228
     274
     238
     215
     242
     250
     230
     228
     251
     233
     204
     241
     203
     227
     229
     238
     252
     236
     256
     247
     232
     216
     218
     234
     210
     239
     234
     227
     221
     231
     239
     240
     227
     213
     214
     258
     213
     241
     255
     286
     237
     230
     239
     222
     243
     211
     218
     218
     214
     200
     203
     222
     214
     239
     221
     243
     267
     255
     254
     243
     230
     231
     217
     210
     223
     217
     256
     235
     202
     213
     225
     232
     224
     201
     236
     220
     202
     185
     224
     250
     251
     213
     212
     226
     209
     242
     215
     219
     239
     193
     200
     198
     228
     200
     207
     224
     199
     243
     207
     184
     237
     211
     203
     185
     218
     227
     217
     213
     196
     195
     233
     228
     222
     217
     191
     211
     222
     170
     209
     204
     192
     197
     207
     209
     220
     207
     213
     189
     226
     243
     223
     234
     228
     219
     232
     207
     235
     251
     211
     225
     217
     251
     225
     224
     242
     255
     245
     242
     244
     282
     244
     249
     254
     244
     270
     279
     283
     248
     218
     231
     228
     196
     219
     210
     180
     200
     225
     209
     190
     192
     220
     216
     204
     221
     207
     222
     242
     238
     228
     222
     231
     208
     204
     206
     227
     186
     222
     180
     216
     250
     226
     195
     214
     258
     278
     292
     254
     254
     236
     254
     399
     540
     638
     407
     246
     202
     197
     216
     186
     215
     207
     189
     201
     189
     191
     189
     184
     216
     191
     192
     192
     201
     196
     198
     205
     192
     253
     283
     269
     246
     252
     232
     196
     220
     197
     189
     189
     209
     175
     194
     168
     194
     168
     174
     186
     193
     174
     191
     169
     205
     207
     183
     163
     178
     179
     192
     190
     213
     217
     197
     211
     186
     205
     193
     184
     203
     212
     181
     188
     188
     199
     184
     202
     211
     200
     208
     186
     177
     181
     188
     157
     182
     185
     190
     205
     176
     190
     200
     190
     178
     202
     191
     203
     181
     170
     170
     164
     180
     178
     159
     184
     205
     195
     172
     168
     191
     186
     203
     162
     184
     187
     155
     183
     138
     174
     161
     179
     197
     177
     210
     174
     167
     185
     180
     193
     175
     175
     175
     155
     187
     178
     172
     190
     176
     177
     160
     175
     175
     186
     161
     191
     202
     236
     287
     342
     252
     203
     179
     179
     196
     179
     166
     176
     173
     181
     168
     197
     168
     163
     175
     191
     205
     163
     194
     172
     172
     188
     171
     156
     213
     147
     165
     173
     164
     185
     155
     190
     183
     177
     178
     189
     161
     174
     177
     164
     150
     180
     169
     182
     173
     160
     180
     158
     182
     209
     183
     185
     200
     158
     183
     176
     188
     178
     187
     174
     167
     169
     180
     184
     169
     170
     173
     179
     173
     169
     173
     183
     163
     164
     171
     143
     160
     186
     147
     180
     195
     188
     152
     195
     171
     179
     177
     153
     159
     170
     162
     163
     179
     162
     180
     138
     159
     144
     151
     163
     164
     158
     146
     179
     159
     151
     151
     166
     212
     162
     162
     181
     154
     162
     162
     151
     136
     165
     151
     165
     175
     172
     163
     178
     154
     170
     169
     176
     177
     237
     220
     193
     169
     154
     161
     176
     162
     178
     213
     230
     190
     184
     157
     156
     163
     173
     194
     202
     155
     169
     157
     162
     161
     158
     156
     161
     148
     157
     153
     160
     158
     186
     137
     165
     159
     148
     153
     159
     160
     138
     138
     142
     148
     156
     145
     143
     148
     146
     154
     165
     160
     150
     155
     146
     157
     141
     156
     153
     146
     150
     152
     142
     154
     170
     154
     163
     166
     141
     156
     151
     179
     148
     149
     144
     173
     143
     154
     138
     148
     147
     142
     125
     144
     166
     144
     156
     158
     144
     168
     168
     173
     147
     153
     163
     166
     166
     171
     184
     189
     192
     210
     207
     212
     200
     187
     189
     215
     195
     180
     169
     191
     250
     403
     520
     461
     269
     168
     139
     159
     141
     154
     151
     146
     157
     157
     129
     129
     127
     145
     146
     153
     135
     140
     127
     122
     149
     153
     127
     139
     145
     162
     163
     117
     168
     140
     137
     126
     171
     135
     144
     146
     145
     162
     150
     156
     155
     132
     120
     150
     133
     152
     157
     141
     140
     136
     167
     146
     146
     139
     123
     142
     144
     143
     163
     128
     149
     177
     134
     163
     146
     152
     145
     147
     151
     130
     151
     129
     151
     147
     140
     132
     155
     116
     161
     132
     147
     157
     159
     143
     163
     156
     127
     129
     141
     120
     131
     154
     148
     137
     129
     142
     151
     142
     142
     149
     129
     161
     153
     144
     123
     146
     141
     126
     139
     117
     139
     151
     134
     135
     145
     140
     149
     133
     141
     127
     140
     138
     155
     123
     145
     139
     125
     130
     139
     145
     146
     144
     129
     153
     119
     128
     147
     145
     124
     141
     122
     123
     141
     147
     163
     174
     139
     146
     125
     147
     127
     143
     135
     118
     127
     130
     130
     151
     146
     130
     131
     109
     126
     138
     137
     138
     137
     161
     144
     141
     146
     127
     150
     139
     144
     133
     124
     143
     129
     132
     132
     137
     126
     141
     144
     111
     118
     113
     143
     138
     106
     135
     120
     122
     140
     125
     102
     138
     125
     108
     110
     130
     130
     124
     123
     123
     131
     117
     149
     119
     120
     111
     148
     130
     109
     116
     139
     133
     138
     135
     134
     142
     131
     126
     145
     126
     149
     137
     122
     134
     135
     131
     120
     127
     138
     127
     130
     133
     132
     132
     122
     111
     149
     128
     113
     118
     140
     128
     121
     120
     152
     118
     132
     142
     114
     123
     134
     136
     131
     124
     115
     136
     135
     127
     130
     117
     122
     135
     116
     144
     138
     140
     134
     121
     119
     134
      99
     118
     143
     132
     125
     106
     118
     136
     124
     107
     107
     132
     120
     120
     124
     116
     107
     122
     126
     121
     118
     129
     111
     118
     150
     131
     127
     126
     136
      99
     125
     119
     131
     113
     114
     126
     119
     110
     128
     144
     139
     141
     134
     110
     128
     124
     136
     115
     122
     138
     116
     126
     151
     125
     129
     114
     105
     121
     150
     149
     222
     344
     513
     499
     356
     161
     111
     136
     105
     118
     110
     114
     102
     106
     100
     105
     109
     129
     120
     137
     113
     128
     141
     105
     121
     107
     110
     107
     123
     135
     120
     125
     115
     110
     124
     112
     108
     123
     117
     125
     115
     100
     107
     108
     110
     118
     110
     124
     102
      98
     111
     117
     133
     123
     101
     116
     112
     114
     112
      86
     110
      91
     119
     111
     111
     117
     119
     120
     118
     119
     110
     111
     111
     112
     120
      93
     127
     134
     116
     113
      90
     126
      97
     130
     104
     119
     140
     108
     123
     137
     120
     106
     109
      90
     111
     105
     101
     123
     113
     104
     129
     125
     106
     118
     120
      95
     126
     104
      98
     123
     114
      99
     100
     104
     111
      95
      99
     101
     101
     116
     116
     111
     102
     121
     124
     129
      97
     101
     125
      92
     124
      94
     113
     116
     108
     116
     114
     113
     104
     114
     124
     111
     105
      98
      99
     108
      99
     116
     121
      97
     113
     106
     119
     116
     109
      99
     102
      94
      94
      91
     106
     119
      83
     101
     107
      94
     105
      98
     102
      99
     119
      99
     106
     104
     115
      85
     109
     104
     101
     125
     102
      97
     111
     108
     109
      97
      96
      97
      92
     103
      97
     133
      99
     106
     118
     106
     118
     106
      99
      80
     131
      99
     108
     130
     119
      92
     105
     113
     113
     109
      97
      95
      93
     100
      89
      76
      80
     107
     101
     100
     104
      99
      96
     114
      91
     113
     101
      92
      93
      91
     101
      93
      93
      85
      90
     114
     100
     113
     110
     113
      91
     103
     110
     105
      76
     103
     108
      99
     102
      83
      65
     105
     104
     102
      82
     114
      98
     104
      84
     100
     100
      93
      92
      90
     114
      98
     111
      96
      95
      99
     106
      99
      92
      95
      98
      83
      93
     105
      92
      88
      85
     101
     102
      90
     106
     111
      85
     101
      91
     105
     110
     108
     114
     119
      80
     113
      98
      88
     106
     115
      98
     100
      96
     108
     110
     100
      77
      85
     102
     102
     108
      86
     101
     114
      81
     104
     108
      89
      83
      86
     106
      83
     103
      93
     104
     111
     112
     101
     114
      99
     100
     107
     101
     113
      85
      97
     107
      96
      95
     119
     102
     105
     112
      97
     107
     112
     108
     113
     117
     113
     134
      82
      97
      95
      84
     123
      82
     104
      97
     115
     107
     101
      99
     107
     103
      94
      97
     101
      89
      83
      90
      96
     122
      85
     118
      86
      90
     103
     105
      99
      88
      96
      97
      89
     100
     100
      83
     106
      99
      79
     100
      98
      96
      99
     106
     116
      93
      90
      87
      85
     107
      81
      84
      97
      98
      97
      91
     104
      99
      90
      86
      86
      90
      97
      97
      80
      91
     100
     102
     105
      96
      88
     102
      95
     117
      94
      88
      84
      89
      86
      86
     110
      93
      74
     101
      79
     103
      86
     110
      92
      92
      84
      82
     115
      96
      99
      81
     104
      93
      95
     106
      88
      82
     102
      97
      86
      78
      92
      84
     105
      84
      88
      91
      93
     101
      95
      74
      86
      97
      89
      98
      72
      85
      94
      87
      75
      99
      86
      89
     107
      74
      83
      95
      93
      87
      91
      87
      94
     102
      99
      99
      86
      99
      72
      95
      83
      90
     106
      87
     100
      78
      99
      92
      81
     104
      84
      81
      75
      92
     102
     106
      87
     106
     100
      94
      92
      93
      95
      89
      94
      78
      82
      92
     109
      84
      83
      92
      96
      92
      95
      87
      84
      93
     106
      94
     106
      82
      97
      76
      96
      75
      82
      89
      74
      96
      92
      92
      89
      80
      77
      83
      86
      97
     101
      89
      74
      76
      85
      71
      75
      90
      87
      92
      86
      92
      73
      85
      95
      98
      72
     103
      86
      82
      92
      80
      98
      79
      85
      82
      75
      83
      83
      82
      77
     100
      97
      76
      75
      82
      90
      88
      92
      73
      85
      98
      78
      86
      83
      88
      79
      87
     102
      73
     101
      87
     104
      81
      94
      84
      86
      87
      81
      82
      98
      94
      87
      90
      88
      81
      81
      79
      89
      83
      70
      87
      90
      93
      89
      79
      81
      87
      83
      83
      92
     102
      94
      93
      81
      78
      90
      84
     100
      86
      91
      78
      96
      74
      84
      85
      90
      84
      76
      81
      93
      79
      67
      89
      90
      84
      72
      88
      84
      88
     103
      76
     102
      91
      70
      91
      86
      92
      90
      95
      81
      90
     106
      89
      80
      88
     106
      97
      95
     106
      91
      93
      74
      80
      87
     104
      92
     103
      87
      96
      85
      83
      80
      78
      96
      88
     108
      96
     104
      79
     106
      93
      87
      95
      94
      86
     107
     101
      79
      79
      90
      96
     108
      85
      84
      89
      96
      92
     105
      73
      80
      93
      66
      83
      86
     102
      99
      85
      88
      86
      83
      89
      93
      75
     100
      83
      77
      86
      82
      77
      74
      84
      75
      89
      81
      75
      80
      68
      89
      92
      96
      92
      99
      75
      97
      96
      95
      92
      89
      89
      80
      76
     101
     100
      83
      81
      86
      88
      76
      83
      87
      76
      85
      79
      85
      63
      97
      71
      74
      79
      83
      89
      80
      90
      92
      88
      78
      76
      83
      78
      97
      72
      72
      95
      89
      81
      94
      81
      63
      81
      98
      89
     117
     134
     137
      94
     100
      79
      78
      81
      56
      85
      72
      86
      90
      70
      82
      78
      84
      82
      84
      73
      85
      71
      78
      83
      72
      89
      84
      75
      86
      82
      71
      76
      91
      88
      78
      92
      79
      86
      69
      62
      83
      94
      75
      80
      89
      84
      76
      78
      85
      92
      58
      85
      75
      80
      79
      69
      75
      79
      73
      91
      80
      83
      65
      89
      83
      75
      85
      80
      76
      84
      84
      90
      81
      74
      80
      87
      80
      86
     101
      80
      75
      73
      90
      98
      78
      81
      82
      69
      76
      78
      73
      79
      71
      87
      71
      84
      73
      66
      91
      78
      85
      96
      73
      71
      73
      73
      84
      72
      80
      78
      71
      78
      83
      89
      71
      93
      72
      85
      54
      85
      80
      77
      77
      92
      80
      89
      98
      92
      84
      73
      80
      64
     109
      73
      67
      84
      81
      75
      84
      81
      78
      96
      87
      72
      71
      79
      74
      85
      70
      80
      84
      82
      80
      70
      59
      69
      77
      93
      92
      76
      79
      87
      85
      85
      77
      83
      72
      88
      74
      78
      76
      72
      95
      89
      94
      82
      71
      59
      75
      96
      92
      79
      80
      75
      75
      62
      85
      70
      61
      76
      60
      85
      75
      69
      82
      67
      70
      69
      78
      80
      81
      60
      65
      74
      68
      70
      64
      69
      47
      68
      69
      86
      62
      76
      58
      66
      75
      71
      73
      81
      79
      79
      67
      75
      55
      82
      84
      63
      78
      75
      78
      75
      72
      78
      67
      77
      81
      77
      68
      66
      66
      71
      71
      65
      63
      69
      66
      80
      61
      70
      55
      75
      59
      64
      65
      78
      73
      79
      77
      65
      76
      63
      78
      76
      79
      78
      80
      59
      80
      77
      78
      80
      89
      94
     103
      98
      79
      74
      72
      58
      77
      77
      78
      70
      64
      77
      75
      54
      76
      52
      69
      76
      72
      68
      66
      84
      68
      70
      74
      65
      91
      79
      77
      52
      86
      74
      94
      66
      91
      80
      77
      85
      53
      67
      93
      73
      80
      95
      72
      94
      90
      83
      86
      75
     120
      93
      72
      91
      90
      84
      87
      64
      83
      96
     106
      98
      87
      90
      68
      90
      88
      83
      95
      98
      86
      96
      88
      97
      82
      83
      75
      94
      78
      87
      77
     105
      93
      80
      88
      95
      97
      73
      92
      79
      82
      72
      90
      82
      74
      78
      69
      70
      75
      78
      85
      70
      78
      74
      63
      71
      75
      58
      78
      69
      66
      61
      70
      51
      70
      68
      74
      74
      67
      57
      72
      74
      72
      68
      72
      62
      74
      59
      75
      66
      70
      76
      74
      67
      73
      62
      67
      74
      76
      76
      63
      75
      66
      70
      60
      65
      57
      56
      66
      53
      70
      83
      62
      77
      60
      63
      88
      62
      76
      79
      58
      67
      87
      75
      56
      73
      56
      71
      68
      73
      62
      58
      65
      62
      80
      76
      58
      77
      67
      70
      79
      71
      75
      88
      70
      55
      71
      74
      64
      62
      62
      46
      82
      65
      79
      75
      72
      71
      69
      80
      79
      74
      79
      76
      75
      73
      79
      62
      85
      69
      68
      72
      66
      54
      75
      54
      74
      75
      68
      64
      74
      77
      67
      56
      75
      54
      66
      62
      68
      64
      76
      82
      70
      71
      64
      73
      74
      74
      66
      62
      58
      54
      70
      53
      73
      66
      67
      66
      73
      73
      76
      84
      75
      57
      74
      60
      81
      50
      66
      71
      65
      70
      69
      57
      76
      79
      53
      65
      71
      65
      63
      64
      59
      76
      68
      55
      59
      78
      65
      72
      65
      79
      79
      65
      65
      59
      74
      54
      69
      68
      65
      69
      77
      73
      70
      56
      58
      59
      74
      78
      68
      63
      70
      59
      61
      61
      52
      71
      63
      52
      65
      58
      67
      56
      67
      69
      85
      84
      63
      69
      74
      63
      74
      66
      64
      70
      63
      65
      60
      65
      76
      64
      56
      67
      66
      63
      61
      57
      74
      61
      57
      62
      61
      62
      57
      64
      73
      48
      65
      55
      45
      65
      59
      74
      63
      60
      57
      63
      60
      56
      51
      51
      66
      68
      68
      49
      41
      62
      42
      60
      51
      69
      57
      52
      58
      67
      63
      57
      66
      68
      49
      63
      57
      56
      49
      52
      55
      60
      68
      73
      49
      60
      59
      61
      55
      56
      45
      47
      54
      48
      57
      64
      55
      56
      44
      52
      58
      62
      56
      63
      39
      57
      50
      53
      36
      50
      61
      59
      65
      45
      47
      45
      55
      50
      52
      49
      51
      40
      52
      47
      43
      46
      68
      44
      45
      56
      45
      59
      55
      56
      48
      46
      50
      55
      58
      58
      50
      54
      70
      51
      53
      44
      47
      53
      55
      49
      59
      51
      61
      61
      61
      63
      65
      62
      65
      56
      53
      54
      46
      56
      53
      55
      62
      49
      59
      73
      72
      60
      76
      74
      82
      70
      60
      66
      62
      58
      64
      78
      65
      80
      95
      94
     101
      88
      99
      88
      94
      98
      98
      90
      78
      76
      76
      93
      88
      77
      84
      88
      80
      81
      85
      77
      84
      95
      73
      77
      96
      90
      82
      80
      70
      95
      69
      65
      77
      72
      65
      65
      56
      72
      68
      62
      71
      77
      60
      52
      64
      63
      76
      77
      67
      63
      54
      47
      53
      62
      56
      54
      59
      63
      64
      74
      64
      67
      42
      57
      58
      54
      43
      48
      54
      48
      57
      59
      53
      50
      43
      43
      42
      47
      41
      59
      60
      51
      44
      47
      39
      39
      60
      43
      56
      42
      34
      43
      41
      42
      40
      41
      53
      45
      48
      53
      48
      41
      53
      50
      45
      37
      43
      46
      43
      48
      49
      40
      54
      38
      42
      41
      36
      41
      37
      51
      35
      41
      52
      46
      38
      53
      40
      37
      35
      48
      37
      55
      48
      52
      41
      44
      41
      41
      56
      41
      55
      31
      43
      49
      41
      46
      51
      52
      41
      40
      37
      48
      46
      56
      36
      43
      49
      46
      42
      39
      47
      48
      40
      42
      37
      52
      40
      52
      57
      43
      52
      51
      33
      45
      44
      47
      53
      51
      36
      54
      38
      48
      41
      40
      54
      30
      56
      37
      59
      39
      51
      45
      42
      53
      44
      39
      47
      46
      37
      46
      43
      43
      50
      43
      35
      47
      40
      50
      47
      34
      36
      43
      39
      52
      35
      43
      39
      51
      49
      36
      35
      43
      44
      52
      45
      41
      44
      47
      49
      46
      47
      35
      46
      44
      40
      57
      38
      34
      42
      38
      44
      55
      34
      48
      48
      32
      43
      42
      27
      46
      42
      39
      38
      39
      44
      34
      33
      29
      37
      35
      42
      42
      45
      48
      32
      39
      34
      52
      38
      54
      41
      50
      41
      45
      48
      63
      48
      38
      43
      51
      42
      35
      52
      53
      53
      47
      33
      32
      52
      42
      40
      54
      44
      35
      38
      43
      38
      48
      45
      50
      39
      50
      30
      57
      39
      34
      39
      44
      40
      54
      55
      29
      40
      41
      48
      46
      39
      32
      39
      43
      28
      50
      41
      32
      37
      42
      31
      44
      44
      40
      55
      45
      34
      47
      43
      35
      39
      38
      36
      38
      41
      40
      44
      48
      37
      44
      48
      31
      34
      42
      31
      38
      38
      48
      42
      38
      37
      41
      37
      35
      44
      44
      40
      27
      51
      44
      39
      41
      37
      37
      30
      41
      39
      48
      47
      22
      48
      39
      33
      33
      37
      38
      42
      45
      49
      43
      42
      35
      25
      36
      31
      54
      27
      43
      43
      41
      44
      46
      52
      41
      45
      42
      39
      47
      44
      38
      30
      28
      48
      34
      43
      40
      41
      53
      41
      55
      42
      39
      49
      43
      44
      34
      53
      37
      46
      37
      38
      39
      47
      34
      45
      38
      38
      42
      28
      40
      37
      31
      48
      25
      40
      38
      34
      40
      48
      49
      50
      78
      66
      63
      52
      35
      42
      45
      38
      47
      41
      33
      31
      34
      43
      39
      44
      27
      42
      30
      34
      32
      43
      31
      42
      33
      37
      45
      29
      44
      40
      32
      40
      34
      30
      44
      40
      51
      30
      29
      43
      44
      39
      40
      38
      48
      43
      38
      24
      35
      31
      41
      40
      33
      40
      47
      44
      33
      36
      45
      48
      44
      41
      46
      54
      55
      40
      47
      31
      43
      40
      50
      38
      45
      53
      35
      38
      47
      54
      45
      29
      38
      34
      37
      45
      32
      35
      42
      42
      52
      34
      44
      51
      30
      50
      37
      36
      36
      41
      42
      37
      37
      45
      39
      45
      26
      25
      35
      30
      35
      28
      34
      42
      38
      32
      34
      38
      49
      45
      28
      34
      35
      45
      37
      49
      43
      28
      33
      29
      45
      43
      45
      44
      53
      46
      33
      47
      37
      46
      44
      51
      35
      36
      46
      37
      41
      42
      45
      38
      49
      49
      63
      73
      83
      55
      40
      23
      31
      49
      30
      47
      43
      34
      38
      51
      34
      37
      45
      27
      37
      39
      43
      34
      35
      40
      38
      34
      32
      41
      36
      37
      33
      41
      32
      36
      44
      24
      36
      36
      45
      28
      34
      32
      37
      38
      37
      28
      35
      33
      37
      32
      29
      31
      39
      28
      35
      32
      42
      37
      38
      39
      33
      29
      44
      31
      37
      38
      33
      43
      53
      40
      44
      37
      45
      33
      33
      39
      33
      30
      39
      30
      41
      39
      44
      44
      36
      32
      37
      28
      33
      34
      32
      36
      35
      44
      33
      50
      33
      48
      30
      49
      45
      28
      45
      37
      37
      24
      33
      44
      39
      35
      25
      34
      44
      33
      40
      35
      41
      38
      36
      37
      44
      24
      50
      39
      43
      35
      47
      30
      33
      34
      42
      33
      39
      50
      38
      38
      30
      33
      34
      39
      48
      34
      38
      36
      38
      46
      31
      35
      30
      26
      39
      38
      23
      40
      28
      31
      42
      42
      34
      38
      38
      30
      37
      40
      35
      45
      39
      33
      33
      34
      38
      37
      44
      26
      39
      44
      41
      29
      41
      34
      25
      34
      30
      41
      42
      36
      36
      41
      48
      46
      36
      42
      26
      25
      29
      31
      42
      34
      48
      36
      40
      28
      35
      35
      43
      39
      30
      33
      38
      33
      38
      47
      42
      43
      32
      37
      38
      38
      40
      33
      31
      38
      43
      38
      26
      33
      34
      40
      39
      43
      40
      39
      31
      33
      30
      36
      25
      32
      33
      35
      50
      25
      29
      34
      28
      35
      44
      47
      38
      40
      38
      40
      45
      55
      45
      45
      32
      31
      42
      28
      26
      41
      33
      38
      48
      49
      38
      34
      47
      36
      42
      40
      45
      51
      32
      47
      38
      33
      38
      38
      33
      47
      32
      40
      27
      49
      28
      43
      34
      33
      33
      47
      41
      33
      45
      36
      38
      45
      38
      33
      30
      35
      31
      33
      39
      35
      35
      35
      42
      37
      37
      30
      32
      36
      36
      35
      29
      36
      31
      32
      34
      41
      36
      31
      34
      42
      31
      32
      31
      37
      40
      30
      26
      33
      36
      35
      42
      34
      42
      34
      35
      43
      33
      44
      21
      35
      43
      41
      36
      37
      37
      48
      32
      47
      38
      40
      33
      42
      30
      34
      35
      29
      30
      38
      33
      39
      34
      33
      32
      31
      23
      37
      34
      41
      41
      27
      36
      31
      28
      24
      31
      35
      34
      36
      27
      37
      23
      38
      37
      28
      33
      36
      38
      35
      29
      36
      34
      25
      34
      37
      42
      39
      35
      30
      30
      38
      33
      32
      26
      43
      32
      39
      39
      36
      36
      43
      30
      38
      29
      35
      39
      28
      28
      34
      44
      36
      33
      31
      36
      34
      36
      44
      39
      34
      36
      30
      40
      44
      41
      27
      33
      54
      44
      59
      82
      81
      91
      99
      56
      46
      40
      34
      28
      24
      34
      39
      32
      26
      33
      33
      36
      19
      34
      34
      33
      26
      38
      37
      27
      25
      34
      37
      33
      40
      30
      40
      27
      30
      30
      29
      35
      36
      25
      43
      40
      29
      31
      34
      29
      28
      34
      34
      42
      29
      25
      37
      27
      39
      37
      30
      35
      26
      44
      38
      37
      23
      27
      36
      38
      32
      32
      36
      40
      39
      35
      34
      46
      35
      35
      32
      37
      47
      24
      41
      31
      26
      28
      36
      31
      29
      32
      21
      35
      32
      28
      33
      27
      39
      19
      22
      27
      26
      37
      28
      31
      33
      21
      29
      33
      28
      33
      39
      39
      34
      44
      37
      42
      31
      26
      34
      26
      35
      39
      32
      32
      23
      33
      26
      27
      23
      36
      31
      26
      36
      42
      32
      31
      23
      33
      35
      37
      29
      36
      36
      30
      29
      27
      30
      30
      41
      39
      35
      32
      28
      39
      39
      23
      36
      28
      32
      31
      33
      34
      33
      26
      37
      45
      44
      30
      22
      31
      33
      38
      30
      37
      36
      34
      33
      27
      29
      40
      26
      26
      43
      35
      32
      37
      38
      37
      29
      29
      26
      35
      27
      29
      35
      25
      37
      26
      26
      31
      27
      23
      35
      25
      38
      26
      20
      38
      30
      31
      31
      23
      28
      20
      32
      36
      36
      38
      35
      36
      24
      41
      35
      45
      34
      32
      39
      29
      29
      38
      31
      37
      31
      33
      41
      34
      35
      33
      35
      30
      30
      23
      34
      35
      26
      51
      24
      36
      31
      36
      25
      25
      39
      35
      46
      47
      45
      50
      57
      39
      35
      49
      47
      29
      36
      36
      36
      36
      25
      30
      27
      31
      33
      28
      29
      26
      32
      30
      32
      28
      24
      26
      23
      32
      23
      34
      38
      26
      28
      34
      24
      26
      28
      33
      36
      32
      26
      23
      21
      29
      17
      35
      30
      24
      38
      33
      28
      26
      32
      41
      34
      36
      30
      38
      31
      38
      30
      14
      37
      27
      31
      24
      32
      19
      23
      23
      34
      28
      28
      32
      16
      39
      31
      25
      35
      32
      30
      24
      30
      39
      30
      27
      21
      29
      25
      26
      33
      28
      31
      42
      25
      39
      36
      37
      28
      28
      26
      24
      26
      20
      33
      33
      38
      31
      35
      30
      25
      26
      31
      35
      29
      26
      29
      33
      27
      26
      23
      25
      21
      30
      29
      30
      24
      35
      25
      25
      28
      17
      29
      25
      20
      24
      31
      29
      27
      36
      36
      25
      35
      22
      24
      21
      23
      23
      28
      15
      26
      17
      46
      28
      30
      27
      30
      25
      28
      32
      33
      24
      24
      40
      18
      28
      22
      25
      34
      31
      25
      32
      24
      29
      26
      27
      35
      28
      27
      26
      29
      26
      34
      29
      27
      34
      29
      21
      42
      66
      52
      76
      94
     101
      85
      55
      53
      34
      32
      34
      33
      34
      25
      23
      24
      25
      23
      28
      24
      29
      30
      26
      32
      27
      26
      22
      38
      30
      17
      26
      32
      23
      21
      24
      20
      30
      22
      23
      25
      25
      23
      21
      24
      24
      20
      26
      29
      28
      22
      36
      22
      24
      27
      27
      26
      22
      24
      27
      27
      29
      30
      25
      35
      31
      30
      27
      36
      21
      25
      26
      26
      24
      35
      28
      33
      26
      25
      23
      30
      29
      21
      27
      24
      31
      27
      21
      32
      13
      32
      25
      19
      16
      22
      27
      14
      18
      25
      22
      28
      30
      18
      21
      20
      19
      27
      26
      31
      22
      26
      21
      29
      19
      37
      35
      33
      25
      19
      27
      32
      18
      19
      29
      29
      22
      19
      23
      21
      21
      32
      16
      22
      33
      26
      27
      28
      24
      25
      26
      26
      22
      20
      21
      25
      24
      27
      15
      17
      21
      21
      20
      24
      27
      22
      28
      25
      22
      25
      22
      32
      25
      25
      24
      22
      20
      26
      25
      27
      18
      27
      25
      28
      21
      16
      19
      20
      19
      22
      21
      21
      26
      31
      32
      27
      21
      31
      28
      25
      16
      27
      22
      24
      29
      27
      20
      34
      34
      33
      20
      31
      26
      29
      29
      20
      28
      16
      27
      30
      29
      36
      28
      33
      26
      29
      17
      22
      23
      32
      27
      19
      26
      24
      22
      28
      20
      35
      25
      30
      31
      30
      19
      18
      23
      25
      25
      33
      22
      19
      27
      22
      13
      34
      28
      32
      20
      17
      20
      25
      22
      19
      24
      32
      36
      42
      35
      53
      66
      43
      30
      17
      32
      21
      24
      21
      22
      15
      23
      20
      21
      26
      23
      17
      25
      36
      22
      27
      24
      19
      22
      20
      20
      28
      24
      27
      22
      20
      20
      23
      24
      15
      24
      21
      12
      17
      18
      21
      19
      16
      24
      26
      21
      19
      11
      22
      23
      30
      32
      30
      25
      25
      31
      29
      16
      24
      26
      20
      26
      26
      25
      28
       9
      22
      21
      18
      19
      24
      23
      26
      25
      33
      24
      23
      29
      16
      27
      22
      29
      34
      24
      21
      20
      16
      26
      21
      28
      24
      21
      19
      22
      27
      19
      22
      13
      24
      21
      28
      20
      24
      32
      19
      22
      16
      25
      21
      16
      28
      28
      24
      22
      23
      25
      28
      21
      21
      16
      23
      24
      16
      18
      25
      32
      23
      12
      22
      19
      18
      22
      16
      18
      28
      21
      23
      17
      21
      31
      21
      29
      33
      30
      19
      29
      20
      30
      21
      28
      23
      25
      20
      25
      20
      23
      24
      22
      18
      28
      22
      26
      26
      22
      28
      30
      26
      21
      26
      24
      18
      22
      21
      20
      18
      17
      24
      31
      16
      21
      30
      22
      24
      20
      16
      24
      17
      13
      16
      19
      24
      20
      21
      20
      22
      23
      24
      15
      22
      24
      21
      25
      17
      16
      21
      22
      14
      11
      25
      14
      24
      22
      23
      26
      29
      21
      26
      14
      25
      22
      17
      11
      26
      20
      14
      28
      25
      22
      15
      24
      21
      16
      14
      23
      18
      17
      21
      19
      19
      18
      15
      18
      21
      18
      23
      28
      27
      13
      36
      26
      18
      28
      24
      22
      24
      29
      19
      19
      12
      36
      20
      20
      21
      20
      19
      29
      16
      12
      19
      16
      30
      23
      21
      17
      23
      25
      20
      30
      27
      26
      18
      16
      23
      21
      21
      18
      22
      29
      24
      14
      24
      17
      16
      28
      15
      19
      21
      15
      21
      19
      15
      26
      29
      16
      20
      11
      21
      17
      22
      18
      19
      13
      29
      17
      17
      25
      20
      19
      16
      23
      21
      23
      18
      22
      19
      19
      25
      21
      23
      16
      21
      33
      19
      13
      15
      15
      15
      17
      13
      23
      22
      16
      14
      24
      19
      16
      18
      18
      27
      18
      17
      18
      20
      19
      30
      21
      21
      12
      18
      22
      26
      20
      19
      15
      27
      14
      20
      20
      16
      22
      19
      14
      22
      20
      10
      20
      13
      18
      23
      20
      20
      22
      21
      19
      20
      17
      23
      14
      17
      21
      19
      22
      23
      24
      14
      13
      22
      24
      17
      24
      15
      19
      13
      19
      26
      22
      21
      30
      18
      22
      26
      18
      22
      20
      21
      15
      26
      16
      23
      23
      32
      16
      23
      28
      24
      27
      18
      24
      26
      17
      22
      22
      14
      26
      20
      25
      21
      15
      16
      15
      18
      10
      22
      21
      23
      13
      15
      18
      13
      12
       9
      18
      14
      19
      10
      18
      17
      13
      17
      17
      17
      17
      15
      27
      20
      12
      16
      23
      16
      20
      22
      20
      13
      15
      17
      13
      19
      11
      17
      22
      22
      14
      16
      16
      16
      12
      12
      13
      16
      14
      13
      13
      19
      15
      15
      17
      23
       8
      15
      16
       8
      18
       9
      11
      14
      14
      22
      22
      19
      14
      19
      16
      15
      16
      16
      12
      13
      14
      13
      20
      15
      13
      23
      18
      13
      26
      16
      20
      14
      10
      15
      13
       8
      20
      18
      21
      17
      15
      15
      15
      14
      18
      17
      10
      18
      15
      19
      15
      14
      16
      14
      17
      18
      11
       9
      22
      17
      18
      14
      21
      15
      14
      17
      18
      16
      17
      18
       8
      18
      18
      17
      15
      12
      11
      17
      23
      12
      13
      19
      13
      20
      21
      15
      14
      19
      14
       5
      11
      16
      10
      11
      13
      17
      15
      16
      17
      10
      10
      15
      15
      24
      18
      12
      19
      14
      19
      18
      18
      24
      32
      31
      30
      17
      21
      26
      22
      16
      16
      16
      18
      20
      22
      22
      22
      24
      20
      18
      16
      18
      12
      14
      18
      14
      17
      19
      19
      14
      16
      13
      16
      16
      13
      13
      10
      17
       5
      10
      22
      19
      13
      16
      23
      15
      13
      14
      10
      13
      15
      11
       8
      16
      12
      20
      14
      19
      15
      14
       5
      16
      12
      11
      10
      12
      17
       3
      16
      17
      13
       8
      13
      12
      14
      19
      13
      13
      14
      20
      11
      18
      16
      27
      13
      17
      15
      12
      15
      10
      18
      15
      17
      15
      13
      16
      11
      17
      19
      12
      24
      18
       9
      13
      13
      13
      12
      15
      17
      19
      13
      12
      15
       7
      12
      13
      11
      14
      24
      13
      16
      21
      14
      18
      15
      16
      15
       9
       8
      10
      15
      15
      14
      12
      10
      10
      11
      19
      20
      12
      10
      11
      10
      18
      10
      16
      10
      11
      10
      13
      16
      14
      15
       8
      13
      17
      14
       9
      14
      10
      17
       9
      10
      14
      13
      12
      16
      17
      15
      18
      18
      10
      14
      11
      12
      23
      14
      16
      14
       6
      11
      11
      12
      10
      12
       9
      17
      12
      13
      13
      11
      11
      11
      15
      16
       7
      11
      12
       3
      15
      11
      13
      13
      15
      12
       8
      11
       8
      12
      17
      13
      13
       8
       7
      20
      10
      20
      14
      16
      15
      20
       3
      13
       8
      12
       7
       8
      17
      11
      10
       7
      12
      20
       9
      12
      12
      13
       7
      10
      11
       7
      10
      11
      15
       9
      15
      12
      13
      14
      15
      12
      12
      16
      21
      17
      19
      18
      13
      20
      20
      27
      20
      15
      19
      13
      12
      17
      12
      11
      10
      13
      10
       7
      11
      18
       7
      11
       9
      10
       6
      12
      10
      12
      10
       4
      11
      18
       9
       8
      13
       9
      13
      12
      16
       7
      10
      10
      10
      10
       7
       8
      15
      14
      11
       7
      15
       6
       7
      16
      11
       9
       9
       7
       8
      12
      14
      16
       9
      10
      21
       7
       9
      10
      11
       9
      10
      10
      16
      15
       8
       9
      11
      11
      14
      10
      10
      13
      11
       9
      11
      16
      11
      11
       4
       9
       9
      10
      11
      15
      12
       8
       9
      12
      12
      12
      10
      13
      14
       9
       9
       9
      13
       7
       5
       7
       9
      12
       8
       7
       4
       7
       6
      10
      11
      10
      13
      15
      12
      10
       4
      12
      18
      12
       9
      13
       8
      11
       4
      11
      13
       7
       8
      11
       9
       9
       9
      13
       7
      10
       8
       5
       6
      11
      17
       8
       9
      11
       7
      10
       9
      11
      13
      15
       5
      13
      13
       8
       7
       7
       9
       8
      16
      11
       8
      13
      10
      11
       2
       9
       7
      10
      14
       8
      10
      19
      18
       7
      10
       8
       6
      17
      14
      11
      10
      23
      20
      21
      12
      12
      15
      18
      14
      18
      18
      14
       7
      12
      24
      15
      12
      11
      18
      10
       7
      13
      11
      10
       9
       9
       9
       6
       6
      13
       4
      14
      13
       9
       5
       6
      12
      10
       7
      12
       4
      10
       8
      10
      14
      12
       7
       9
       3
       8
       8
       9
       9
       3
       8
       8
       4
       6
      10
       8
       6
      13
       9
       6
      10
      12
       4
      13
       7
      13
      15
      13
      12
      10
       7
       6
      11
      12
       9
      14
      18
      13
      15
      11
      14
       5
      13
      13
       4
      15
       6
      12
      10
       8
      10
       9
       5
      14
       7
       7
       8
       7
       9
      15
       8
       9
      10
      10
      10
      10
      15
      14
       7
       5
       9
      10
       4
       5
      13
       5
       4
      12
      13
       7
       9
       5
       9
       9
       5
       5
       6
      13
      10
       6
      13
       4
      10
       6
       8
      15
       7
       6
       6
       8
       9
       9
       5
      10
      10
       6
       8
      12
      12
       7
      13
       3
      10
      10
       4
       7
       5
       6
       8
       9
      11
       8
       8
       8
      10
       6
      12
      13
       6
       5
       8
       8
       3
       7
       5
      11
       6
       6
       5
      10
       6
       7
      10
       6
       6
       5
       9
       5
       5
       5
       7
       8
       3
       8
       9
      10
       8
      10
       3
      10
       6
       8
       7
      10
      16
       4
       7
       7
       3
       6
      10
      16
       8
       9
       6
      10
       6
      11
       7
       8
      14
       7
       5
       8
       7
      11
       9
      12
      11
       8
       4
       3
       7
       4
      11
       5
      10
       6
       5
       5
       7
       7
      10
       6
      12
       7
       7
      12
       8
      12
      10
       7
       7
       6
       5
       9
       8
       3
       6
       7
      11
       8
       8
       7
       9
       9
       8
       7
       9
       4
       6
       6
      13
       9
      10
       6
      11
      11
       4
       5
       9
       5
       6
       6
       5
       7
       5
      10
      12
      11
       6
       7
       8
       9
       7
       9
       5
       5
      11
       8
       9
       9
       7
       7
       2
       8
       5
       8
       6
       9
      11
       8
       8
       9
      11
       3
       8
       6
       9
       5
       8
       5
       4
       7
       8
       3
       5
       5
       5
       9
       9
      12
       6
       8
       7
      12
      10
       8
       9
       8
       4
       8
       4
       8
       8
      10
      12
      11
       7
       7
       9
       5
       6
      11
       9
       8
       6
       7
       5
       8
       5
       4
       4
      10
       6
      10
       9
       6
      10
       6
       2
      11
      10
       8
       6
       6
       9
       6
       7
       4
       6
       6
       9
       6
       7
       7
       6
       9
      13
       9
       6
       5
      12
       1
       5
       7
      10
      10
       5
      12
       5
       9
       8
       6
       8
       4
       5
       6
       4
       7
      10
       3
      11
       3
       6
       5
       9
       3
       9
       3
       7
      10
       3
       8
      11
       4
       5
      11
       3
       9
      10
       6
       8
       4
      11
      14
       6
       6
       8
       7
       7
       7
       9
       7
       7
       6
       6
       4
       2
      10
       5
       7
       8
      10
       6
       8
       7
       7
       7
       9
      11
      12
      10
       7
       9
       3
       5
       5
      11
       2
       4
       5
       7
       5
       8
       6
       5
       6
       7
       5
       8
       4
       5
       8
       6
       5
       7
       7
       6
       7
      10
       7
       9
       4
       9
       5
       7
       5
       2
       7
       7
       5
       7
       8
       6
      11
       9
       3
       7
       3
       7
      10
       5
       6
      13
       5
       5
       9
       8
      11
      10
       8
       3
       3
       8
       5
       7
       8
      11
       4
       7
       5
       5
       9
       7
       5
       8
       8
       8
       4
       3
       4
      13
       6
       4
       4
       6
       9
       5
       7
       8
       9
      10
      11
       6
       8
      10
       5
       6
       5
       6
       9
       9
       5
       8
       5
       4
       4
       2
       6
       8
       3
       7
       6
       9
       3
      11
       8
       5
       7
       8
       5
       8
       6
       7
       7
       6
      10
       7
       5
       6
       8
       9
       5
       4
      11
       6
       3
       9
       8
       4
      11
       5
       6
      11
       3
       4
       5
       5
       6
       4
       7
      10
      10
       3
       9
       9
       4
       4
       7
       4
       6
       3
       7
       6
       8
       8
       6
       7
      12
       6
       6
       2
       9
       5
       4
       9
       6
       4
       5
       4
       8
       6
       7
      11
       5
       7
       7
       6
       7
       5
       4
       9
       6
       3
       6
       8
       2
       3
       9
      10
       8
       2
       7
       8
       9
       2
       6
       3
       4
       2
       3
       5
       4
       1
       5
       4
      10
       3
       4
       2
       5
       5
       5
       6
       9
      10
       5
       7
      11
       2
       9
       6
       5
       4
       6
       1
       7
       6
       7
      11
       7
       5
       4
       3
       3
       5
       3
       5
       6
       2
       7
       4
       5
       7
       6
       2
       5
       4
       6
       5
       9
      10
       5
       3
      10
       6
      10
       9
       4
       5
       2
       6
       4
       0
       5
       9
       9
       6
       3
       5
       3
       6
       8
       4
       9
       5
       6
       4
       4
       5
       5
       7
       5
       6
       1
       4
       6
       6
       7
       7
       7
       3
       3
       4
       4
       4
       5
       3
      10
       4
       8
       6
       4
       6
       5
       3
       3
       8
       7
       7
       4
       5
       5
       7
       3
       3
       3
       4
       4
       5
       4
       5
       5
       6
       5
       3
       1
       6
       3
       3
       6
       9
       4
       1
       9
       5
       8
       3
       7
       6
       4
       5
       4
       7
       4
       6
       5
       9
       9
       7
       6
       8
       5
       5
       5
       6
       9
       4
       5
       7
       6
       7
       7
       4
       6
       5
       2
       8
       3
       5
       7
       4
       7
       6
       1
       4
       5
       3
       4
       2
       7
       6
       5
       3
       3
       5
       3
       4
       6
       3
       4
       2
       4
       5
       7
       5
       5
       4
       4
       3
       7
       1
       6
       3
       7
       7
       9
       4
       2
       4
       7
       3
       1
       2
       5
       6
       4
       4
       8
       3
       6
       2
       0
       3
       2
       2
       7
       4
       5
       4
       5
       2
       2
       2
       6
       3
       5
       7
       6
       6
       9
       7
      10
       2
       1
       3
       6
       6
       5
       4
       4
       3
       6
       2
       9
       3
       0
       1
       5
       8
       2
       4
       8
       2
       4
       5
       7
       4
       3
       4
       2
       3
       5
       2
       5
       2
       3
       0
       7
       8
       4
       3
       3
       4
       5
       2
       8
       6
       2
       8
       5
       6
       3
       6
       8
       5
       3
       4
       6
       9
       6
       3
       4
       3
       0
       3
       5
       5
       6
       1
       7
       6
       1
       6
       2
       3
       6
       5
       5
       1
       6
       2
       1
       2
       4
       5
       2
       1
       6
       5
       5
       6
       2
       3
       2
       5
       7
       3
       9
       3
       3
       3
       3
       4
       2
       3
       4
       5
       3
       3
       3
       3
       5
       5
       2
       3
       4
       3
       3
       2
       9
       4
       3
       4
       5
       4
       3
       1
       4
       1
       4
       6
       2
       0
       4
       0
       2
       5
       6
       3
       4
       3
       2
       3
       3
       7
       3
       4
       4
       5
       3
       3
       1
       5
       5
       2
       4
       3
       4
       1
       4
       6
       4
       5
       3
       5
       3
       3
       5
       2
       6
       2
       4
       1
       8
       4
       5
       4
       2
       3
       9
       6
       2
       3
       3
       5
       6
       5
       3
       4
       3
       3
       8
       1
       2
       7
       2
       0
       4
       4
       1
       4
       5
       2
       2
       4
       3
       3
       3
       4
       4
       6
       3
       3
       8
       4
       2
       4
       3
       4
       6
       4
       4
       5
       3
       4
       4
       4
       4
       7
       3
       5
       6
       2
       2
       4
       4
       3
       3
       0
       1
       5
       4
       3
       3
       4
       2
       1
       4
       2
       2
       5
       2
       0
       1
       3
       2
       3
       2
       4
       2
       4
       4
       3
       9
       7
       2
       1
       6
       3
       3
       3
       4
       6
       5
       5
       3
       4
       4
       5
       1
       2
       1
       3
       4
       2
       3
       2
       2
       2
       3
       4
       3
       3
       3
       4
       4
       4
       7
       3
       2
       3
       2
       6
       3
       2
       2
       0
       5
       4
       6
       1
       5
       2
       5
       3
       2
       5
       2
       4
       5
       2
       3
       3
       4
       4
       8
       2
       1
       2
       3
       1
       5
       3
       0
       1
       3
       4
       0
       1
       2
       1
       2
       8
       4
       2
       1
       3
       6
       3
       5
       9
       4
       3
       2
       4
       7
       9
       3
       2
       5
       5
       4
       3
       4
       5
       1
       3
       5
       6
       2
       5
       3
       3
       1
       4
       3
       3
       4
       3
       5
       3
       3
       5
       7
       4
       6
       4
       3
       2
       5
       4
       2
       3
       4
       0
       6
       4
       2
       1
       1
       3
       3
       3
       3
       1
       2
       1
       2
       2
       2
       4
       4
       5
       2
       0
       2
       3
       2
       0
       2
       3
       2
       0
       3
       3
       3
       5
       4
       4
       4
       4
       1
       2
       3
       1
       4
       1
       3
       3
       5
       3
       2
       5
       1
       2
       2
       6
       2
       0
       4
       2
       6
       4
       1
       1
       4
       5
       3
       2
       1
       6
       1
       1
       2
       4
       6
       2
       2
       5
       4
       3
       1
       2
       4
       1
       1
       4
       2
       3
       4
       1
       0
       5
       5
       4
       7
       2
       3
       1
       2
       3
       4
       3
       0
       4
       1
       1
       3
       1
       1
       4
       5
       5
       1
       1
       3
       3
       2
       1
       1
       4
       2
       3
       5
       3
       2
       6
       3
       4
       1
       2
       3
       4
       2
       2
       2
       4
       5
       2
       1
       4
       2
       2
       2
       3
       1
       5
       2
       5
       0
       5
       1
       4
       4
       3
       3
       1
       3
       0
       3
       1
       2
       2
       4
       2
       5
       4
       1
       1
       1
       1
       3
       2
       0
       5
       1
       3
       3
       3
       3
       5
       0
       1
       4
       3
       0
       3
       2
       1
       0
       1
       4
       2
       3
       2
       2
       1
       4
       1
       1
       1
       1
       3
       1
       2
       5
       4
       2
       3
       1
       5
       3
       0
       1
       3
       1
       1
       2
       2
       4
       3
       5
       1
       3
       4
       0
       1
       2
       4
       3
       1
       5
       0
       4
       1
       1
       2
       2
       2
       1
       5
       0
       3
       3
       3
       1
       2
       2
       2
       0
       3
       2
       6
       0
       1
       1
       0
$ROI:
0
$PRESETS:
Live Time
300
0
$ENER_FIT:
-2.866640 1.159590
$MCA_CAL:
3
-2.866640E+000 1.159590E+000 -3.906270E-006 keV
$SHAPE_CAL:
3
2.371490E+000 1.023690E-003 -4.075570E-007
