0.000000000000000000e+00
0.000000000000000000e+00
0.000000000000000000e+00
0.000000000000000000e+00
0.000000000000000000e+00
0.000000000000000000e+00
0.000000000000000000e+00
0.000000000000000000e+00
0.000000000000000000e+00
0.000000000000000000e+00
0.000000000000000000e+00
0.000000000000000000e+00
2.722720031382043215e-01
5.910241622334766465e-01
5.668935975464214350e-01
5.413613290131945588e-01
5.059236400955205992e-01
4.709011203610066754e-01
4.460088634518799000e-01
4.292839530071909104e-01
4.242612557234552995e-01
4.286383568463417726e-01
4.354436861974541051e-01
4.659476485823186853e-01
5.744788568734531253e-01
8.556588685129791205e-01
1.140857494790191051e+00
1.019930498576194555e+00
6.874781110361660730e-01
4.659306560598358016e-01
3.512195157695429115e-01
3.054832004899826758e-01
2.822950182886275750e-01
2.748451234086174977e-01
2.810293280873403798e-01
2.854090838789996032e-01
2.796963988800437728e-01
2.679844853873722954e-01
2.565445672061414939e-01
2.500500265613688211e-01
2.482638158580965093e-01
2.455298018404344085e-01
2.400255004660120928e-01
2.328871486857281015e-01
2.261608708023379044e-01
2.197191738842045050e-01
2.140439278754336927e-01
2.081382278598034874e-01
2.039697110895425103e-01
2.016814172136318917e-01
1.992014994119201132e-01
1.959469310998935010e-01
1.935854101605224975e-01
1.916482533308684066e-01
1.884540158552087952e-01
1.838933273365682963e-01
1.803819397311731965e-01
1.784329797645405058e-01
1.773121254357430121e-01
1.748782867471674052e-01
1.717185778596168888e-01
1.695100296235647064e-01
1.682333915236751132e-01
1.663526023900991080e-01
1.637461333137459896e-01
1.624248326700878930e-01
1.612270525934206000e-01
1.583053591243092084e-01
1.553388258075336092e-01
1.534015049626896998e-01
1.521926915255983059e-01
1.493912944105620921e-01
1.463442767546992984e-01
1.450533931405099120e-01
1.444245669890842076e-01
1.423572763738726044e-01
1.392107542947300935e-01
1.355473019968851944e-01
1.329989543307195099e-01
1.303474131291920968e-01
1.275419435285889136e-01
1.253023032074385978e-01
1.233527996091599022e-01
1.210104646883117946e-01
1.190318612386553065e-01
1.178956425171484995e-01
1.172229065300417067e-01
1.161261602572532942e-01
1.147960618029706947e-01
1.148890846333692067e-01
1.159550493651218955e-01
1.169559551089485033e-01
1.175896985731936933e-01
1.170749442921066030e-01
1.151916593019532004e-01
1.110513642034887949e-01
1.069672254811463996e-01
1.045080458810395962e-01
1.034538519590720018e-01
1.020404452058965988e-01
1.007503524942347933e-01
1.001817686578281991e-01
1.004521757239003055e-01
9.991147894428120679e-02
9.891115013666529343e-02
9.710016788677250377e-02
9.455227288074019576e-02
9.034831580430059683e-02
8.582448151612259712e-02
8.198320692386260045e-02
7.920385157843129464e-02
7.708253135468219608e-02
7.608183838425019996e-02
7.792715192042959371e-02
8.290615331258889553e-02
9.335191203214619760e-02
1.128180411575861047e-01
1.415144477492351061e-01
1.733585241555651024e-01
1.948313944306392098e-01
1.952215127334809008e-01
1.752311420903465977e-01
1.427173515355394107e-01
1.083856082485988997e-01
8.138667216327209741e-02
6.466736829211840176e-02
5.590259656786859821e-02
5.179213001992379745e-02
4.972137664519699768e-02
4.906001088090850004e-02
4.883472472980870255e-02
4.834876708672970064e-02
4.771650633639430011e-02
4.682217888642949827e-02
4.618565729533469916e-02
4.545921070345600168e-02
4.502913384640640226e-02
4.509395046203369672e-02
4.560140934189999690e-02
4.584125164182160234e-02
4.593051498942649774e-02
4.566721351417939861e-02
4.496631378997500289e-02
4.361092520063709899e-02
4.205712882189339974e-02
4.086845199483309793e-02
3.991490527430299751e-02
3.885826356594530157e-02
3.795561497665810025e-02
3.725039734020769988e-02
3.669005356353770286e-02
3.591324637270069953e-02
3.517332904438529723e-02
3.445729960537850106e-02
3.380471418826890007e-02
3.319762088269360284e-02
3.254679309600409798e-02
3.223625302250460178e-02
3.187403114282529731e-02
3.155650425083259686e-02
3.116827219610830008e-02
3.100414189772069881e-02
3.097229852017410051e-02
3.067814519986960045e-02
3.024851363931079992e-02
2.982429340483859839e-02
2.955368445413660006e-02
2.916392189627720066e-02
2.864196170045829951e-02
2.835348610290589974e-02
2.803305354208589922e-02
2.759431722477740170e-02
2.717802728933409878e-02
2.673611750795540018e-02
2.646493042395610049e-02
2.593372580963030152e-02
2.565750527226999880e-02
2.542026931668309869e-02
2.519893876841180005e-02
2.492428511207769870e-02
2.458839388707489970e-02
2.434302561642799970e-02
2.403542226358749978e-02
2.375171232952580022e-02
2.348729260544889924e-02
2.325638754962409960e-02
2.308833431015929957e-02
2.304548378901730143e-02
2.276740687024119900e-02
2.247339762217250014e-02
2.231240815852819984e-02
2.224211492944550006e-02
2.211966820322739877e-02
2.190237238820439900e-02
2.181349855042600053e-02
2.151896751291240001e-02
2.128873572943299972e-02
2.106249011576629901e-02
2.078717089379890012e-02
2.052238307664220121e-02
2.029095981153709871e-02
2.013398236384639911e-02
1.992681096699090021e-02
1.955338590911820038e-02
1.934133294761159957e-02
1.921893509056800051e-02
1.900470230002049982e-02
1.882060276654400066e-02
1.861408125505710151e-02
1.859301207949640156e-02
1.835092959480490171e-02
1.829168913464170043e-02
1.795907166875590141e-02
1.785901648220120097e-02
1.762171503610400133e-02
1.741764888455779939e-02
1.734436681798080110e-02
1.721067700203929990e-02
1.708147740214659843e-02
1.698795321347469980e-02
1.685604196138339866e-02
1.660778669547489927e-02
1.636398084723210064e-02
1.630721575607739851e-02
1.608733423400289866e-02
1.587438694882890161e-02
1.575047455606070138e-02
1.564717513913239932e-02
1.550135574834689972e-02
1.544515636371580035e-02
1.537124600394879949e-02
1.525442360592029964e-02
1.524792564847560032e-02
1.540550542615340066e-02
1.553099044769410027e-02
1.570842721920310062e-02
1.586070607532059917e-02
1.589366203415770035e-02
1.578317306217219898e-02
1.573396938453869992e-02
1.551596457065109944e-02
1.522045704394239980e-02
1.480362533928849915e-02
1.448573990081099966e-02
1.408054191629930056e-02
1.385440783608029962e-02
1.359802245178699971e-02
1.341090705131080078e-02
1.322900310099399922e-02
1.308107638525339914e-02
1.307123278223509995e-02
1.294232456751340070e-02
1.283015066960470005e-02
1.263376614748660046e-02
1.251516236962830000e-02
1.237603468250219989e-02
1.238965741922100003e-02
1.233580816531549933e-02
1.225366355159470018e-02
1.223544123518770059e-02
1.215903141073929918e-02
1.215948636877190077e-02
1.223507384763000000e-02
1.224447706043559937e-02
1.238606528506049943e-02
1.233664221954250059e-02
1.230886982669860026e-02
1.212303309796010017e-02
1.197322382900669994e-02
1.171347820002469932e-02
1.150630404191040068e-02
1.127049873891210023e-02
1.110476279450270040e-02
1.097969138310449927e-02
1.079217365801720015e-02
1.074321147637369994e-02
1.076067128244660026e-02
1.073590610519960069e-02
1.067290672984060051e-02
1.070146075609900056e-02
1.072216833427789943e-02
1.067876316714850074e-02
1.060054152019519920e-02
1.042520215596729957e-02
1.037167518353230081e-02
1.025090895075849926e-02
1.015790324759929981e-02
1.010250595601139972e-02
1.001906005764310013e-02
9.904052898978799382e-03
9.830114011236200378e-03
9.698242362081499479e-03
9.714093720720599553e-03
9.559693150147900373e-03
9.398987214120500117e-03
9.307371931795099460e-03
9.202060086203800796e-03
9.088161823337799830e-03
8.989189307043900581e-03
8.896812876261600209e-03
8.796590495326599146e-03
8.708729111311999671e-03
8.665057216635399170e-03
8.676462358831399727e-03
8.666298656116799143e-03
8.661113113400500593e-03
8.670854618680300108e-03
8.673411640246399962e-03
8.751500015076499675e-03
8.787194495488899817e-03
8.816228419680499293e-03
8.896245143160499622e-03
8.953217861687200185e-03
8.989144276813899187e-03
9.034269753745100343e-03
8.925995463803699376e-03
8.817944064380099645e-03
8.749926263168899751e-03
8.494732137651299711e-03
8.376730091638900227e-03
8.200192274742900550e-03
8.071403748299399439e-03
7.978216449423399317e-03
7.816032162763900115e-03
7.773328299588900051e-03
7.717343430249899716e-03
7.651482221830200291e-03
7.601472724552900059e-03
7.578543762076699573e-03
7.480858967974400239e-03
7.346073343386699990e-03
7.248175857930199903e-03
7.148150867350100413e-03
7.036169741053000318e-03
6.959508042583799868e-03
6.920658081008899780e-03
6.957661451556500058e-03
6.976963482518400324e-03
7.061792811669399990e-03
7.220878350740000430e-03
7.340106092589100337e-03
7.513650222500000385e-03
7.629541326843100428e-03
7.759784488842499939e-03
7.792911366867900230e-03
7.752920206180099853e-03
7.570704007400900354e-03
7.299356323044199797e-03
7.106754012347099754e-03
6.817184448140899827e-03
6.531808230327100333e-03
6.342209417766800014e-03
6.157207741184300177e-03
6.005654444011399723e-03
5.873843223367700324e-03
5.776243867840900187e-03
5.674927376499799836e-03
5.566901644198100213e-03
5.556486521205599750e-03
5.552702373072000014e-03
5.624018331373099693e-03
5.649080805301599610e-03
5.797034454708600154e-03
5.926319701467300249e-03
6.095901059001199683e-03
6.342098321015199672e-03
6.525433941418100348e-03
6.762762307697799818e-03
6.903502911905600239e-03
7.047585646005500269e-03
7.052588288863200112e-03
6.981077790459300041e-03
6.731940511448699857e-03
6.501960208244899828e-03
6.050533679601999976e-03
5.685471183839699641e-03
5.265802901002599769e-03
4.882926781328999870e-03
4.504071996289000200e-03
4.141753350228399855e-03
3.869555078042900050e-03
3.622544614694499839e-03
3.436352513539599890e-03
3.334049516215699914e-03
3.229486035404799914e-03
3.125468336579399938e-03
3.107242707392799796e-03
3.084620904707300118e-03
3.109557509127199807e-03
3.159745566957900161e-03
3.201731173221799946e-03
3.343297460719799833e-03
3.476515257754699863e-03
3.582026517929199835e-03
3.661972176988799801e-03
3.700102834600199966e-03
3.689485616410300133e-03
3.577072841031400056e-03
3.450489024689700097e-03
3.273631723929300123e-03
3.026271054223900192e-03
2.775814248558100029e-03
2.553975348426900174e-03
2.362616574344600200e-03
2.211024087204899787e-03
2.106532650452699884e-03
2.005566690733400024e-03
1.995128867060999914e-03
1.981202990234900204e-03
1.966689517490699795e-03
1.966940154784200135e-03
1.919837619303599915e-03
1.920423193391100104e-03
1.885178719604899914e-03
1.827351851632899897e-03
1.803887282996000010e-03
1.740083888093200016e-03
1.695170688749999925e-03
1.640479828061799927e-03
1.603596296819299926e-03
1.554970918629999897e-03
1.533051893215300020e-03
1.517293730904900042e-03
1.456402385276699954e-03
1.447377576636800067e-03
1.399138582838699903e-03
1.355326535800299975e-03
1.284359401514800032e-03
1.236422924057899901e-03
1.165681449206899985e-03
1.096248186058100104e-03
1.039102253614899996e-03
9.842070716461000408e-04
9.303509120390999858e-04
8.577928720308999801e-04
8.202076581921999504e-04
7.712239155632000416e-04
7.505257782332000385e-04
7.269845646023999526e-04
7.016834109920000190e-04
6.690191241216999780e-04
6.457117887404000174e-04
6.218429829064999522e-04
6.221480369912000272e-04
6.030942622378999973e-04
5.824960906085000336e-04
5.916027600070000335e-04
5.712417317550999834e-04
5.740931890708000527e-04
5.736537964054999562e-04
5.715452419814999593e-04
5.779791009552999502e-04
5.814496699833000088e-04
6.000331790840000498e-04
6.063346004155999820e-04
6.241044900412999648e-04
6.165292544185000398e-04
6.142477263261000159e-04
6.091408434919000098e-04
5.916826202065000396e-04
5.679991906387000513e-04
5.462578964786999475e-04
5.161110486867000495e-04
4.826614859589999887e-04
4.790144842986999844e-04
4.552512998871000114e-04
4.270027757691000026e-04
4.098725931338999956e-04
3.983013935499999823e-04
3.660634805290999857e-04
3.623804928532999839e-04
3.556176075212999976e-04
3.406387189109999990e-04
3.362339352168000161e-04
3.233073961166999877e-04
3.331095536398000190e-04
3.287810637211000062e-04
3.168346552042999907e-04
3.198052513624999793e-04
3.200335652273000268e-04
3.191205230666999734e-04
3.179550324982999775e-04
3.243885254616000113e-04
3.273203462446999884e-04
3.127509705559999745e-04
2.983964845560999773e-04
2.985051212459000004e-04
2.888430567731000006e-04
2.784652532400999896e-04
2.693267091392000144e-04
2.513331953438000151e-04
2.527539785832000254e-04
2.289589575885000029e-04
2.157050395446999890e-04
2.082281216927999877e-04
2.026852384117999880e-04
1.936824664523999868e-04
1.909727281274000083e-04
1.834420317575999912e-04
1.755645232318999880e-04
1.760235082061000107e-04
1.688807371777000096e-04
1.657798063551999912e-04
1.612168700495999888e-04
1.617044130890000000e-04
1.530016055270999999e-04
1.480889791489000036e-04
1.459400108571999881e-04
1.369748355164000103e-04
1.334539988073000084e-04
1.290568881442999991e-04
1.222952476927000032e-04
